timestamp
682671.595 682671.623 682671.652 682671.709 682671.737 682671.766 682671.851 682671.909 682671.937 682671.966 682671.995 682672.023 682672.137 682672.166 682672.195 682672.223 682672.252 682672.309 682672.395 682672.423 682672.451 682672.509 682672.537 682672.566 682689.225 682689.264 682689.309 682689.338 682689.366 682689.394 682689.509 682689.537 682689.566 682689.594 682689.624 682689.680 682689.766 682689.795 682689.852 682689.882 682689.910 682689.938 682690.024 682690.080 682690.109 682690.137 682690.166 682690.194 682690.309 682690.337 682690.366 682690.394 682690.452 682690.480 682703.023 682703.080 682703.109 682703.138 682703.194 682703.223 682703.338 682703.394 682703.423 682703.480 682703.509 682703.539 682703.680 
AU01
 2.72916 2.6744 2.95763 2.43167 1.75803 2.44004 2.77026 2.60704 3.28193 2.95225 2.54147 2.54084 0 0 0 3.01978 4.04942 2.95159 0 3.28422 4.01833 4.32005 3.31715 1.99029 0 2.7874 0 2.82769 3.15237 3.55686 2.82644 0 1.92086 0 1.02513 0.869901 2.0317 0 0 2.28135 3.29057 3.54265 2.64223 0 2.72419 3.79585 4.14061 4.15548 0 0 1.64295 2.18694 2.2827 3.51036 0 2.96627 3.04332 1.86009 1.74875 2.46154 2.94247 2.45871 2.42604 0 1.53733 2.74408 2.65578
AU02
 1.7092 2.09837 1.87742 0.00663333 0 0 0 1.70366 1.25179 1.24405 0.347261 0 0.434238 0 0 0.250552 1.11099 0.956261 0 0 0.867364 1.71403 0.658855 0.697956 0.872508 0 1.61202 0.784636 0 0 1.47869 1.25726 1.26981 0.795556 0.423787 0 1.8843 0.273382 0.714601 0 0.488301 1.88523 2.03506 0.386273 0 0.362936 1.36014 2.19765 0.666921 0.284868 0.3565 0.285103 0 0.34052 1.22995 0.116445 0 0 0 0 2.24117 1.95996 1.68441 0 0 0 1.5181
AU04
 0 0 0.865591 0 0.0557525 0.399914 0 0 1.37753 2.34163 2.68131 2.45414 0 0.693726 2.53167 2.09191 1.23446 2.49866 0 0 1.12848 1.53182 1.4682 2.69541 0 0 0 0 0 0 0.0102096 0 0 0 0 0 0 0 2.23453 1.78695 0.522521 0.69337 0 1.27198 1.19667 0 0 0 0 1.68257 2.33481 1.58711 1.59687 1.68205 1.15908 0.286904 0 0 0.6928 0.590563 0.419562 0 0 1.42998 0.776724 0 1.64371
AU05
 1.44496 2.50791 1.96975 1.0273 0 0 2.98123 2.26583 2.77299 2.35716 2.43316 1.59305 1.37139 0.369591 0.513439 0 0.653175 0 1.71524 1.4034 0 0 0 2.47691 1.68819 3.12929 0 0.879253 0 0.0519738 2.47551 2.04326 1.49983 0.924067 2.02244 1.1534 2.78454 2.38741 2.6628 1.64012 0 0 3.03484 2.1466 1.61373 0.720364 0.542588 0 1.89966 1.63973 0.408346 2.41134 2.10849 1.52111 2.77791 0 0.190931 0.68585 0 0 2.21207 2.71137 3.09036 2.8537 1.30369 1.9848 3.00918
AU06
 0 0 0 0 0 0 0 0 0 0 0 0 0 0 0 0 0 0 0 0 0 0 0 0 0 0 0 0 0 0 0 0 0 0 0 0 0 0 0 0 0 0 0 0 0 0 0 0 0 0 0 0 0 0 0 0 0 0 0 0 0 0 0 0 0 0 0
AU07
 0 0 0 0 0 0 0 0 0 0 0 0 0 0 0 2.37014 1.08712 1.42867 0 0 1.26022 0 0 0 0 0 0 0 0 0 0 0 0 0 0 0 0 0 0 0 1.0082 1.42037 0 0 0 1.75874 1.65616 1.73307 0 0 0 0 0 0 0 0 0 0 1.15301 0 0 0 0 0 0 0 0
AU09
 0.422874 0.518264 0 0 0 0 0.482207 0.955908 0.890966 0.495978 0.871739 0.299003 0.747746 0.469236 0 0 0 0 0 0.104532 0 0 0 0 0 0 0 0 0 0 0 0.671646 0.561662 0 0 0 0.467671 1.02133 0.810046 0 0 0 0.272086 0 0 0 0 0 0.75391 0.925252 0 0 0 0 0.607346 0 0 0 0 0 0 0.660749 0.144025 0 0 0 0.268486
AU10
 0.134384 0.620939 0 0 0 0 0.815002 0.255823 0 0 0.75897 0.275747 0.780386 0.0705714 0.519859 0 0.575505 0 0.138211 0.539755 0 0 0 0 0.809714 0.288208 0.109679 0 0 0 1.35276 1.36431 0.820215 0.518908 0.4283 0.16525 1.22406 0.920359 0.549519 0.590656 0.927059 0 1.1056 1.21909 0.598998 1.32069 1.26157 1.29919 0.156832 0 0 0.062767 0.0892277 0 0.328558 0 0 0 0 0.816655 0.107192 0.245259 0 0.176719 0 1.00925 0.295573
AU12
 0 0 0 0 0 0 0 0 0 0 0 0 0 1.15966 2.06864 1.53343 1.60958 1.57045 1.3141 1.02271 1.29143 1.43263 0 0.845266 1.35198 0 0 0 0 0 1.09898 1.12481 1.2155 1.59034 1.39383 1.6379 0 1.22701 1.1397 0.971463 1.15568 1.0475 0 1.44761 1.9598 1.47589 1.3341 1.62156 0 0 0.900045 1.67155 1.25306 0.94051 0.789493 0 0 0 0 0 0 0.515722 0.543186 1.45239 1.43865 0 0
AU14
 0 1.02528 1.31589 1.06119 0.609883 0.641675 0.894317 1.04762 1.25548 0.740213 0.372299 0 0 0 0 0 0 0 0 0 0 0 0 0.805346 0 0.987777 0 1.36367 0.946628 1.5906 0 0 0 0 0 0 0 0 0 0 0 0 0 0 0 0 0 0 0 0 0 0 0 0 0 1.00562 0.784752 0.536403 0 0 0 1.23688 0.532057 0 0 0 1.23241
AU15
 0.927203 0.733409 0.454988 0.580673 0.818641 0.396548 1.34256 1.57547 1.62221 1.12606 1.12644 0.652541 0.607698 0.562354 0.440931 0.259846 0.310772 0.55191 0.111515 0 0.525844 0.369755 1.10244 1.13189 0 0.588999 0 0.488513 0.210825 0.414765 0.326401 0.462934 0.286247 0 0 0 0.21217 0.0448552 0.0923572 0.12426 0.913496 0.75382 0.436759 0 0 0 0.459858 0.554181 0.560497 0.64415 0.339759 0 0.308333 0.751819 0.472133 0.226701 0.495487 0.616401 0.73817 0 0.549385 0.842793 1.05367 0.012566 0 0 0.847681
AU17
 0 0 0 0 0 0 0.489159 0 0 0 0 0 0 0 0 0 0 0 0 0 1.01446 1.27372 0.708964 0.808888 0 0.918784 0 0 0 1.27071 0 0 0.685572 0 0 0.489465 0 0 0 0 0 0.844095 0 0 0 0 0 1.48575 0 0 0 0 0 0 0 0 0.125799 0.620143 0 0 0 0 0 0 0 0 0
AU20
 1.93534 1.90005 2.59036 2.58791 2.69852 2.55916 1.72333 1.595 2.06304 1.1352 0 0 2.28556 1.85499 0.781914 1.15794 0 0 1.77976 1.17701 0.935496 0 0 0 1.93857 2.18145 1.66631 1.62891 1.66062 1.89531 2.56277 2.11574 2.58889 1.60958 2.0245 1.21236 1.88232 1.922 2.33793 0.660316 0 0 2.53443 1.66835 1.24403 0 0.648396 0 2.85984 1.81616 1.9819 0.484788 0.961505 0.356127 2.16662 2.27771 1.71268 1.41618 1.79151 0 2.52498 2.49594 1.78599 0.843326 0 0.574602 2.26247
AU23
 0 0.377258 1.2932 1.11119 0.854335 1.76453 0.310146 0 0 0.862264 1.19028 1.01727 0.392299 0.245161 0 0 0.546701 1.09647 0.757257 0.978297 1.54781 1.26275 1.64865 1.11282 0.284538 0.644175 0.595767 1.50147 1.33743 1.34949 0.573763 0 0 0.403625 0 0 0.448591 0.163136 0.339658 0.149956 0.623563 1.31754 0.404063 0 0.0891248 0.730667 1.30441 0.722148 0 0 0 0 0.237412 0.634632 0.436486 1.24231 1.06167 1.01527 0.789506 0.760069 0.373522 0.476534 0.77909 0.89231 0.591519 0.546033 0.36815
AU25
 0.18896 0.161635 0 0 0 0 0 0.303699 0.516446 0.32713 0 0 0.589966 0.209016 0.700067 0.303859 0 0 0.322017 0 0 0 0 0 0.595135 0.109167 0.184577 0 0 0 0.234619 0.0437755 0.293816 0.448258 0.231126 0 0.224995 0.217847 0.440391 0 0 0 0.30966 0.210157 0.318083 0 0 0 0.469654 0.832398 0.704613 0.783841 0.175515 0 0 0.0283782 0 0 0 0.611041 0.453654 0.389751 0.568217 0 0 0 0.40575
AU26
 0 0 0 0 0 0 0 0 0 0 0 0 0 0 0 0 0 0 0 0 0 0 0 0 0 0 0 0 0 0 0 0 0 0 0 0 0 0 0 0 0 0 0 0 0 0 0 0 0 0 0 0 0 0 0 0 0 0 0 0 0 0 0 0 0 0 0
AU28
 0 0 0 0 0 0 0 0 0 0 0 0 0 0 0 0 0 0 0 0 0 0 0 0 0 0 0 0 0 0 0 0 0 0 0 0 0 0 0 0 0 0 0 0 0 0 0 0 0 0 0 0 0 0 0 0 0 0 0 0 0 0 0 0 0 0 0
AU45
 0 0 0 0 0 0 0 0 0 0.164678 0.258896 0.329793 0 0.0358573 0.316046 0 0 0.0350494 0 0 0.456537 0 0 0 0 0 0 0 0 0 0 0 0 0 0 0 0 0 0 0.00725486 0 0.141905 0 0 0.0689454 0 0.200794 0.513164 0.0685614 0 0 0.1463 0.0214982 0.22401 0 0 0 0 0 0.731211 0 0 0 0.138203 0.221354 0.168746 0
