timestamp
682569.052 682569.080 682569.109 682569.138 682569.194 682569.223 682569.309 682569.338 682569.394 682569.423 682569.452 682569.480 682569.594 682569.624 682569.652 682569.680 682569.709 682569.738 682569.853 682569.880 682569.909 682569.938 682569.994 682570.023 682570.109 682570.138 682570.194 682570.223 682570.252 682570.280 682581.594 682581.623 682581.652 682581.709 682581.738 682581.794 682581.909 682581.938 682581.994 682582.023 682582.052 682582.109 682582.223 682582.252 682582.309 682582.338 682582.394 682582.423 682582.537 682582.594 682582.623 682582.652 682582.709 682582.738 682588.052 682588.081 682588.109 682588.167 682588.194 682588.223 682589.394 682589.423 682589.452 682589.481 682589.509 682589.566 682589.652 682589.681 682589.709 682589.766 682589.794 682589.823 682589.909 682589.966 682589.994 682590.023 682590.052 682590.081 682590.194 682590.223 682590.252 682590.281 682590.309 682590.366 682590.452 682590.481 682590.509 682590.538 682590.594 682590.623 682590.709 682590.738 682590.794 682590.823 682590.851 682590.881 682590.909 682590.938 682590.994 682591.023 682591.052 682597.595 682597.652 682597.680 682597.709 682597.766 682597.795 682597.909 682597.966 682597.995 682598.052 682598.080 682598.109 682598.251 682598.281 682598.309 682598.366 682598.395 682598.452 682598.566 682598.595 682598.651 682598.680 682598.709 
AU01
 2.9767 2.08961 2.09262 1.2873 1.22669 1.58227 3.27418 2.98538 2.3678 2.12411 2.337 2.69218 2.52668 2.22937 2.17469 2.22686 3.78416 3.20409 3.01848 2.88703 1.97784 3.1405 3.1907 3.20429 3.26441 0 1.86739 2.65269 2.77994 2.75321 2.91767 2.60702 2.18084 0.79485 0.988141 0 0 2.86338 1.09681 2.63832 4.2424 3.80986 0 0 0 1.84027 3.48874 3.40792 3.17503 1.88365 2.21387 3.34599 3.27385 3.07585 1.15611 0 0.155807 0 0 0 2.90687 2.61686 0 2.42342 2.82461 2.32605 2.98252 2.87144 2.50445 1.97685 2.56183 2.16859 2.9547 2.76841 2.4098 2.20496 2.98135 3.70704 2.78494 2.40632 2.25207 3.63088 2.98703 2.79526 3.14761 2.77323 2.60016 2.67517 2.8488 2.56588 2.35609 3.16988 2.46285 2.99189 3.3847 3.06782 2.73976 2.91072 4.00254 4.05512 3.12171 2.7069 2.60589 2.08363 1.03335 1.29669 1.38157 3.0496 2.59609 2.69627 2.29664 1.59457 1.59179 2.50994 3.09069 2.93672 2.35268 1.29403 1.5258 0 2.38436 2.81577 3.00963 2.27353
AU02
 1.10741 0.728207 0 0 0 0 1.75088 2.31989 2.17712 1.49437 1.0542 1.24887 1.01113 0 0 0.417262 1.35739 2.21956 2.21753 0.327749 0 0.99213 1.20901 1.2508 0.851333 0.0291612 0 0.480905 1.09124 1.09631 2.38388 1.15749 0 0 0 0 1.56375 0.105157 0 0 1.46255 1.36699 1.67864 0.915653 0 0 0 0 1.25114 0.599532 0.326195 0.300313 0.598586 1.10562 0 0 0 0 0 0 0.828756 1.02929 0.437817 0 0 0 1.96025 1.27566 0 0 0 0 2.02844 1.33776 0.846432 0 0.162708 0.79643 1.74198 0.12831 0.0966954 0.868335 1.04926 1.94839 1.17133 0.958315 0.652118 0.632988 1.02279 0.709153 0.640796 0.430258 0.753516 0.981884 1.00215 1.25474 1.54479 1.38518 1.52754 1.37052 1.00728 1.9696 1.38781 0 0 0 0 2.34703 0 0 0 0 0 2.09801 2.03875 2.21101 1.00932 0 0 1.11996 0.0462246 1.00249 1.0109 0.749515
AU04
 0.139091 0 0 0 0.29825 0.176375 0 1.10429 0 0 0 1.11042 1.00691 1.87026 1.84977 1.02286 1.09055 1.69093 0 0.621075 2.12103 1.82226 0.283583 0.769497 0 1.05095 1.83875 2.06755 1.93682 1.65305 0 0 0 0 0 0 0 0 0 0 0 0 0 0 0 0 0 0 0 2.2969 2.79794 1.16749 1.2097 1.78834 1.38939 0.0639966 0 0 0 0 1.54688 0 0 0 0 0 0 0 0 0 0 0 0 0 0 0 0 0.388288 0 1.78368 2.14171 0 1.78586 1.07463 0 2.62645 3.64519 3.19995 2.58018 2.80572 0.939666 1.33915 3.07532 2.07286 0.0713406 0.838347 1.56168 0.693293 1.75969 1.44406 1.58226 0 0 0 0 0.546046 0 0 0 0 0 0 0 0.848258 0 0 0.101198 0.349113 0.122701 0 2.50879 1.87841 0.961799 2.26878
AU05
 2.29805 0.4343 1.44212 1.31402 0 0 1.73041 2.32504 2.49956 1.29173 2.18114 1.09755 2.93359 1.31206 1.6546 2.5103 2.14976 1.6596 3.40865 2.21161 1.62867 1.78116 2.54621 0 1.86663 1.99301 1.06707 1.45903 1.77251 2.13737 3.04247 0.684125 0 0.787761 0.983289 0 2.49201 1.54492 2.18292 3.14141 2.34049 1.85698 2.33463 2.37089 2.4497 3.48202 3.22469 3.26752 1.62675 2.10871 1.64097 2.07015 1.90684 0 0 0 0.847459 2.4203 1.72393 1.43882 1.93314 2.19594 1.25489 0.981059 1.91025 1.98159 2.99944 0.974993 0 1.10181 1.10052 0.858118 2.37517 2.35021 1.40458 3.11001 0.801335 2.38513 2.65209 1.45055 0.97173 1.10577 0 2.07656 2.83597 1.52834 1.84458 1.93855 1.73687 1.04067 1.17848 1.56045 1.13035 2.11953 2.33 0 0 0 2.9177 2.38031 0 2.31063 0.809016 0 1.08817 0 0 3.65884 0 0 0 0.951243 1.01756 0.726715 1.02937 2.11606 1.84155 1.4513 2.38524 2.87758 1.57574 1.76304 1.75934 0
AU06
 0 0 0 0 0 0 0 0 0 0 0 0 0 0 0 0 0 0 0 0 0 0 0 0 0 0 0 0 0 0 0 0 0 0 0 1.25918 0 0 0 0 0 0 0 0 0 0 0.526817 0 0 0 0 0 0 0 0.214305 0 1.13043 1.47444 1.34571 1.17863 0 0 0 0 0 1.14326 0 0 0 0 0 0 0 0 0 0 0 0 0 0 0 0 0 0 0 0 0 0 0 0 0 0 0 0 0 0 0 0 0 0 0 0 0 0 0 0 1.489 0 0 0 0 0 0 0 0 0 0 0 0 0 0 0 0 0
AU07
 0 0 0 0 1.5159 0 0 1.08623 0 0 0 0 0 0 0 0 0 1.53111 0 0 1.79477 0 0 0 0 0 0.837305 0.475374 0 0 0 0 1.3502 1.33598 1.48611 0 0 0 0 0 0.587375 1.58354 0 0 0 0 0 0 0 0 0 0 0 0 1.3689 0 0.878529 0 0.544801 0 0 0 0 0 0 0 0 0 0 0 0 0 0 0 0 0 0 0 1.20311 0.763874 2.11986 0 1.97673 3.02244 0 0 0 0 0 0 1.07149 0 0 0 0 0 0 0 0 0 0 0 0 0 0 0 0 0 0 0 0 0.962323 0.29877 0 0 0 0 0 0 0 0 0.867889 0 0
AU09
 0.578028 0 0 0 0 0 1.09687 0.746791 0.716921 0 0 0 0.952429 0.770078 0.864605 0 0 0 0.860026 0.557212 0.485129 0.558696 0 0 0.844117 0.81638 0.455502 0 0 0 0 0 0 0 0 0 0.349521 0.197422 0 0 0 0 0.604595 1.43455 0 0 0 0 0.667604 0.60485 0 0 0 0 0 0 0 0 0 0 1.47968 0.6843 0 0 0 0 0.742201 0 0 0 0 0 0.361467 0.600096 0.561672 0 0 0 1.12866 0.803564 0 0 0 0 1.13191 0.366825 0.459997 0 0 0.00344999 1.28519 1.29878 0.553436 0 0 0 0 0 0 0 0 0.582754 0 0 0 0 0 0.574757 0 0 0 0 0 0.661285 0.172011 0.834169 0.648637 0 0 0.947481 0.950704 0 0 0
AU10
 0.107685 0 0 0 0 0.804601 1.00506 0 0.329066 0 0.0270047 0 0.196229 0.491375 0.83118 0.35454 1.12253 0 0.43731 0.66986 1.22687 0.332522 0.280848 0 0.370667 0.0584538 0 0 0.406864 0.298473 0.0119616 0 0 0 0 0.159304 0.305405 0.200473 0.700301 1.1235 1.31687 1.10447 1.20265 0.177123 0 1.01254 1.52906 1.22474 0.512239 0.715517 0.412556 0.99492 0 0 0 0.621876 0.0176819 0.466799 0.513202 0.0942622 1.05283 0 0 0 0 0 0.795574 0.358664 0 0 0 0 0.116587 0.527969 0.320493 0.319268 0.40067 1.42011 0.276288 0.325994 0.168502 0.665845 0.825496 0 0 0.174438 0.248463 0 0 0 1.0818 1.28882 0.154184 0.357444 0.468392 0 0 0.483876 0 0 0 0 0 0 0 0 0.941241 0.00923733 0 0 0 0 0 0 0.257876 0 0 0 0 0 0.107236 0.0419325 0 0
AU12
 0.781515 0 0 0 0 0 0 0 0 0 0 0 0.405205 1.32898 1.0765 0 0 1.2398 0 0 1.26856 0.970879 0 1.09117 0 0.676117 0.577246 1.0345 0.869459 0.955018 0 0 0 1.85865 1.82021 1.95716 0.608851 0.984703 1.80768 0 0 0 0 1.02761 0.91607 0.901718 1.09905 0.805426 0 1.1759 1.0561 1.4575 0.903372 0 0 0 0 0.516001 0.81311 0 0 0 0 0 0 0 0 0 0 0 0 0 0 0 0.310584 0 1.20667 0 0 0.643824 1.3265 1.17609 0.841647 0 0.0817633 0.706274 0 0 0 0 0 0.701442 1.52826 1.17068 1.21916 1.17068 1.45515 1.36315 0 0 0 0 0 0 0 0 1.84837 0.315261 0 0 0 0 0 0 0 0 0.669322 0.887384 1.08117 0 0.640398 1.05081 0 0.85899
AU14
 0 0 1.07077 1.43566 0 0 0 0 0.172694 0 0.323563 0 0 0 0 0 0 0 0 0 0 0 0 0 0 0 0.390142 0 0 0 0 0.514682 1.07417 0 0 0.254723 0 0 0 0 0 0 1.55916 0 0 0 0 0 0 0 0 0 0 0 0 0.130028 0 0 0 0 0 0 0 0 0 0 0 0 0 0 0 0 0 0 0 0 0 0 0 0 0 0 0 1.32162 1.00877 1.15403 1.31005 0 0 0.218239 0 0 0 0 0 0 0 0 2.30995 2.50349 1.25783 0 0 0 0 0 0 0 0.586239 0.321762 0.579515 0.810328 0 0 0 0 0 0 0 0.292663 0.877056 0 0 0
AU15
 0 0 0.652162 0.874409 0.469437 0.38732 0.916534 0.504807 0.766748 0.538686 0.553789 0.667212 0.863201 0.139876 0.0457935 0 0 0.0841397 0.534369 0.20323 0.389954 0.189138 0.351487 0.0468246 0.382016 0.361396 1.20798 0.976428 0.638498 0.620672 0.0576166 0 0.26874 0.472758 0 0.57057 0.509753 0.190899 0 0 0 0 0.484362 0 0 0 0 0 0.486103 0.542219 0.550329 0 0 0.206264 0.736089 0.536965 1.97793 0.744172 0.739344 0 0.664481 0.618526 1.81289 0.571921 0.191031 0.0742474 0.397776 0.211938 0 0.120425 0.438378 0.387702 0.30475 0.413777 0.495677 0 0 0.0727227 0.706197 0.613897 0.170981 0.212213 0.103699 0.506021 1.63101 1.35658 1.38788 1.431 1.64954 1.23605 0.856222 0.417395 0.692467 0.0579418 0 0 0.184237 0.280913 0.413296 0.151139 0.0975653 0.172189 0.189533 0 0 0 0 0.589145 0.447652 0.558844 0.770061 0.656743 0.882211 0.428542 0.549425 0.533259 0.376943 0 0 0.890484 0.652093 0 0 0.665107
AU17
 0 0 0 1.14484 0 0 0 0 0 0 0 0 0 0 0 0 0 0 0 0 0 0 0 0 0 0 0 0 0 0 0 0 0 1.31858 0.0980816 0.519078 0.982692 0.821586 0 0 0 1.26605 0.929518 0 0 0 0 0 0 0.719174 0 0 0 0 2.7262 0 1.75454 1.40385 0.996254 1.19662 0.459851 0 0 0 0 0 0 0 0 0 0.369022 0 0 0 0 0 0 0 0 0 0 0 0 0.507766 0 0 0 0 0 0 0 0 0 0 0 0 0.877506 1.02706 1.20355 0.90625 0.788715 0 0 0 0 0.5512 0 0 0 0 0 0.565581 0 0 0 0 0 0 0 0 0 0 0.0487836 0.401243
AU20
 2.00584 1.72648 1.10961 2.08274 1.17489 0 3.57674 3.3116 3.05387 2.86479 2.36126 2.71356 2.60601 2.97324 2.49174 0.898997 0 0 2.84222 2.50693 2.57357 2.67747 1.08069 0.913807 2.5022 2.1669 1.981 2.32821 1.14906 0.991282 2.06023 2.50259 1.72563 1.74944 0 0 2.62893 2.36299 0 0 0 0.856715 3.06159 1.94892 0.866592 0 1.2663 1.57103 1.67259 2.0745 1.73217 0 0 0 0.551933 0 0 0 0 0 2.20356 1.21133 2.17884 1.47891 1.43701 2.07829 2.53678 2.39931 1.65694 1.54138 1.82908 1.70192 2.26975 2.51574 2.24084 2.27408 0 0.18459 2.25648 2.78941 2.44492 1.76857 0 1.34022 2.04641 2.34219 0.747648 0.0725823 0 0 3.73586 2.74667 2.79603 2.06115 1.21604 1.04098 0 0 0 0.111808 0.961005 1.78167 2.22124 2.73258 2.04095 0.296655 0 2.66539 2.32948 1.41346 1.38062 1.52637 2.09341 2.12595 2.41642 2.62304 2.33251 1.87376 1.25117 2.77284 2.60922 2.08487 0 0
AU23
 0.29127 1.43322 1.26161 0.871825 1.06511 0.73951 0.437633 0.479515 0.182008 0 0 0 0.126409 0.443532 0.745016 0.207264 0.692002 0.515881 0.422269 0.379228 0.303169 0 0.826257 1.45561 0 0.305224 0.561299 0.478488 0.3503 0 0.477402 1.03456 1.67876 1.48559 0.598485 0.7737 0 0.771635 0 0 0 0 0.574706 0.108659 0 0 0 0 0 0.613031 0.456101 0 0.256098 0.338759 0 0.388324 0.536091 0 0 0.586919 0.343915 0.603777 0 0 0.485406 0.409693 0.2592 0.350195 0.63643 1.23899 0.83812 0.675097 0.375756 0.532012 0.565783 0 0.121327 0.460323 0.521552 0.784244 0.835337 0.773784 0.883613 0 0.668113 1.25116 0.699547 1.64594 0.880332 0.729544 0.487669 0 0.836359 0.608785 0.554069 1.0566 0.78911 1.17737 0.771026 1.19688 1.93602 0.449428 0.86861 1.38975 1.55081 0.545678 0 0.236334 0.902983 1.2918 1.52342 1.40116 1.2413 0.524025 0.474647 0.506234 0.415994 0.384863 0 0.130242 0.849102 0.72994 0.332885 0.828259
AU25
 0.317312 0 0 0.24735 0 0 0 0.213534 0.375662 0.707001 0.680497 0.479313 0.229535 0.255423 0 0 0 0 0.161284 0 0.211175 0.134746 0 0 0 0.0624102 0 0.136095 0 0.0922847 0.185336 0.23154 0.316032 0 0 0 0 0 0 0 0 0 0.0418568 0 0 0 0 0 0 0.00779189 0.0488943 0.443974 0 0 0 0 0 0 0 0 0 0 0.341408 0.403659 0 0 0 0.370494 0.367372 0 0 0 0.00716924 0 0 0 0 0 0.0361182 0 0 0 0 0 0 0 0 0 0 0 0.0238399 0.119631 0.144161 0 0 0 0 0 0 0 0 0.0393187 0 0.0468431 0 0 0 0.00847124 0.562382 0.231485 0.393489 0 0 0 0 0.0891745 0 0.0163541 0.07444 0.326167 0.0490325 0 0 0
AU26
 0 0 0 0 0 0 0 0 0 0 0 0 0 0 0 0 0 0 0 0 0 0 0 0 0 0 0 0 0 0 0 0 0 0 0 0 0 0 0 0 0 0 0 0 0 0 0 0 0 0 0 0 0 0 0 0 0 1.23252 0 0 0 0 0 0 0 0 0 0 0 0 0 0 0 0 0 0 0 0 0 0 0 0 0 0 0 0 0 0 0 0 0 0 0 0 0 0 0 0 0 0 0 0 0 0 0 0 0 0 0 0 0 0 0 0 0 0 0 0 0 0 0 0 0 0
AU28
 0 0 0 0 0 0 0 0 0 0 0 0 0 0 0 0 0 0 0 0 0 0 0 0 0 0 0 0 0 0 0 0 0 0 0 0 0 0 0 0 0 0 0 0 0 0 0 0 0 0 0 0 0 0 0 0 0 0 0 0 0 0 0 0 0 0 0 0 0 0 0 0 0 0 0 0 0 0 0 0 0 0 0 0 0 0 0 0 0 0 0 0 0 0 0 0 0 0 0 0 0 0 0 0 0 0 0 0 0 0 0 0 0 0 0 0 0 0 0 0 0 0 0 0
AU45
 0 0 0 0 0.448624 0.368767 0 0 0 0 0 0 0.114631 0.0381612 0 0 0.0238731 0.628574 0 0.0144356 0.173033 0 0 0.086926 0 0 0.292433 0.349403 0 0 0 0 0 0 0 0 0 0 0 0 0 0 0 0 0 0 0 0 0 0.124512 0.0716821 0 0 0 0.0109641 0 0.0243787 0 0 0 0 0 0 0 0 0.408016 0 0 0 0 0 0 0 0 0 0 0 0 0 0.325682 0 0 0 0 0 0.315904 0.224587 0 0 0 0 0 0.0319617 0 0 0.134194 0.57033 1.12446 0.749957 0 0 0 0 0 0 0 0 0 0 0 0 0 0 0 0 0 0 0 0 0 0.240668 0 0 0.401189
