timestamp
597754.733 597754.763 597754.819 597754.876 597754.905 597754.933 597755.049 597755.105 597755.133 597755.163 597755.219 597755.250 597775.077 597775.105 597775.133 597775.191 597775.219 597775.276 597775.705 597775.733 597775.791 597775.819 597775.878 597775.905 597776.019 597776.077 597776.105 597776.133 597776.191 597776.219 597776.333 597776.391 597776.419 597776.479 597776.505 597776.533 597776.648 597776.705 597776.733 597776.791 597776.819 597776.848 597776.991 597777.019 597777.048 597777.105 597777.133 597777.191 597777.219 597777.248 597777.305 597777.333 597777.391 597777.419 597777.619 597777.648 597777.705 597777.733 597777.791 597777.819 597793.362 597793.390 597793.448 597793.476 597793.509 597793.562 597793.676 597793.705 597793.762 597793.790 597793.848 597793.876 597794.648 597794.676 597794.707 597794.762 597794.791 597794.848 597794.962 597794.991 597795.048 597795.076 597795.105 597795.162 597795.276 597795.306 597795.362 597795.390 597795.448 597795.476 597795.591 597795.619 597795.676 597795.705 597795.762 597795.790 
AU01
 1.61492 1.04862 1.0933 1.57026 1.27903 0.448975 2.08428 1.5252 0.921368 1.42632 0.820048 0.475308 1.15253 1.47943 0.678182 0.156667 0.667252 1.06822 1.60525 2.30359 1.51732 2.20292 2.59338 1.5276 0.610707 0.850746 0.35009 0.798202 2.92382 2.58393 2.01113 2.40559 1.9723 2.22805 2.2864 0 0.902094 1.4812 0.387365 1.32888 0.41397 0 0.364671 0.676039 0.906423 0.483451 1.143 1.83047 1.37881 1.31179 0.942588 0.734593 2.56677 2.26814 0.583687 0.691801 0.517799 0 1.65119 2.15728 0.9273 0 0 1.01597 1.1002 1.37741 1.62886 0.894587 1.56515 1.51041 1.42517 1.12112 1.76119 0.920244 1.3661 1.14866 0 0 3.02235 2.59391 2.18127 1.61433 1.26935 0.995275 0 3.18737 2.98882 2.2906 2.16272 1.70613 0 0 0.973274 1.3994 2.20396 2.01656
AU02
 0 0 0 0 0 0 0 0 0 0.0187636 0.0376839 0 0 0 0 0 0 0 0.860251 2.01896 0 0.0450867 0 0 0 1.15804 0.941487 0.0910167 0.0610613 0 0.728477 1.25021 1.47839 2.12438 2.02402 0 0 0 0 0.73986 0.25183 0.521914 0 0 0 0 0 0 0 0 0 0 0.109194 0.0562091 0 0 0 0 0.367798 0 0 0 0 0 0 0 0 0 0 0.0176544 0.139142 0 0.221713 0.117679 0.037997 0 0 0 0 0.269673 0 0 0 0 0.819041 0.94985 1.25346 0.586169 0.538338 0.523911 0.581846 0.577761 0.348489 0.42744 0.306872 0.00674484
AU04
 0.662293 1.18476 1.58762 1.79555 2.16455 1.79735 0 0.402284 0.059108 0.255985 0 0 0.310788 0 0 0.146919 0 0 1.0177 0.33834 0 0 1.35539 0.376455 1.16748 2.03584 0.935687 0.46562 0 0 0 0 0 0.349797 0 1.15224 0.709013 0.785716 0.795514 0 1.53834 0 0.213365 0.558024 0.11833 0.00358746 0 0 0 0 0 0 0 0 2.32242 1.22374 0 0.0388829 0 0 0 0 0 0 0 0 1.61387 2.76949 2.57104 2.6172 3.07825 2.83466 0 0 0 0 0 0 0 0 0 0 0 0 0 0 0 0 0 0 0 0 0 0 0 0
AU05
 0 0 0 0 0 0 0 0 0 0 0 0 0 0 0 0 0 0 0 2.04891 0 0 0 0 0 1.34991 1.24423 0 0 0 0 0 0 0 0.901327 0 0 0 0 0 0 0 0 0 0 0 0 0 0 0 0 0 3.68748 2.23028 0 0 0 0 0 2.36513 0 0 0 0 0 0 0 0 0 0 0.918867 0.366587 0.684488 0.197235 0.599319 1.89505 2.94061 1.73055 1.05143 1.70942 0.677378 0.399333 0.141708 1.24358 0 0 0 0 0 0 0 0 0 0 1.94514 0
AU06
 0 0 0 0 0 0 0.171394 0.407848 0.517934 0.649715 0.909697 0.98357 0.475128 0 0.82145 0.754663 0.767914 0.745849 0 0 0 0 0 0 0 0 0 0 0 0 0.308363 0 0 0 0 0 0 0 0.684472 1.32365 1.13118 0 0 0 0 0.702941 0.843893 0.610521 0.881361 1.14415 0.917824 0.860391 0 0 0 0 0.887464 1.30745 0 0 0.354478 0 0 0 0.495162 0.410596 0 0.964586 0.957277 0 0 0.465821 0.721137 0.79909 0.884099 0.665547 0.872225 0.45537 1.44045 1.58594 1.45126 1.32031 1.3071 0 0.881199 0.77534 1.21894 0.729163 0.935421 0.819246 0.447916 0.728898 0.283829 0.202133 0.116919 0.669234
AU07
 1.9128 2.08297 1.19602 2.50269 0 1.51566 2.00445 0 0 3.10908 0 0 0.786829 0.91626 0 1.50376 0 0 0 2.62935 1.71208 2.44838 2.07185 0.880579 0 0 0 0 1.2799 0.139262 0.36997 1.85004 1.20705 0.527419 0.936981 0 0 0 0 0 0 0 0 1.96891 0 0 0 0 1.43278 2.60574 0 0 0 0 0 0 0.935141 0 0 0 0 0 0 0 0 0 0 0 1.04126 0 0 0 1.98255 2.37092 2.59509 0 0 0 1.63348 1.33634 1.73914 1.5453 0 0 0 0.512748 0 0 0 0.213094 0 0 0.785049 0 1.9104 0
AU09
 0 0 0 0 0 0 0 0 0 0 0 0 0 0 0 0 0 0 0 0 0 0 0.52465 0 0 0 0 0 0 0 0 1.32343 1.23866 0 0 0 0 0 0 0.421172 0 0 0 0 0 0 0 0 0 0 1.16885 0 0 0 0 0 0 0 0.646773 0 0 0 0 0 0 0 0 0 0 0 0 0 0 0 0 0 0 0 0 0 0 0 0 0 0 0 0 0 0 0 0 0 0 0 0 0
AU10
 0 0 0 0 0 0 0 0 0 0 1.16984 1.48596 0 0 0 0 0 0 0 0 0.980976 0 0 0 0 0 0 0 0 0 0 0 0 0 0 0 0 0 1.78575 1.04302 0 0 0 0 0 0 0 0 0 0 0 0 0 0 0 0 0 0 1.44755 0 0 0 0 0 1.26422 0.339345 0 0 0 0 0.328004 0 0 0 0 0 0 0 0 0 0 0 0 0 0 0 0 0 0 0 0 0 0 0 0 0.623429
AU12
 0 0 0 0 0 0 0.87811 0.931603 0.961609 0 0.565662 0 0.706762 0.921169 0.948885 0.996853 1.09016 1.00039 0 0 2.40301 2.16006 0 0.71464 0 0 0 0 0 0 0 0 0 0 0 0.173388 0 1.08141 1.18251 0 0.401039 0 0.109505 0.309734 0.239712 0.666459 0 0 0.164426 0 0.309082 0.460551 0.983038 0.575927 0 0.354452 1.08367 0.730798 0 0.158536 0.45761 0.635316 0 0.70917 0.477739 0.581904 0.717852 0.680829 0.58116 0.542953 0.162405 0.467864 1.19859 1.40418 1.20992 0 0 0 1.13015 1.0144 1.03241 0.942291 0.92895 0.92175 1.35468 1.15177 1.01104 0.952372 1.01582 1.00738 1.35672 1.16217 1.17547 1.20019 0.95201 0.430681
AU14
 0 0 0 0.82952 0 0 0 0 0 0 0 0 0.49155 1.15258 0.71097 0 0 0 0.702714 0 0 0 1.28185 1.52026 0 0.744422 0.393356 0 0 1.53524 2.179 2.29083 1.92793 1.66139 1.86647 1.62587 0 0 0 0 0 0 0 0 0 0 0 0 0 0 0 0 0 0 1.72043 2.20205 1.26337 0 0 0 1.01867 1.72762 0 1.09552 0 0 1.43132 0.495315 0.906924 1.53695 2.82509 1.29451 1.22342 1.92281 1.88165 2.81477 3.08984 1.17719 0.914077 1.24971 0 0.875273 0.647292 0 1.6733 1.7678 2.49913 1.48153 2.20418 2.01566 2.17317 2.39897 2.75897 2.50806 0.654644 2.15342
AU15
 0 0 0 0 0 0 0.0410843 0 0 0 0 0 0 0 0 0 0 0 0 0 0.424871 0.0989903 0.890768 1.17867 0.773167 0 0 0 0 0 0.846549 1.2328 0.917047 0.418147 0.279156 0.523154 0.527182 0.465459 0 0 0.491581 1.45422 0.351028 0.515587 0 0 0 0.672563 1.5903 0.795777 0 0 0 0 0 0 0 0 0 0.108282 0 0.153208 0 0 0 0 0.0933389 0.218449 0.345373 0.590477 0.237713 0.396615 0.23261 0.44094 0.503127 0 0 0 0.0961277 0 0.209243 0.243603 0 0.692915 0 0 0 0 0.0270794 0 0.345638 0.442502 0.464877 0.519058 0 0
AU17
 0.232418 0 0 0 0 0 1.76243 2.19207 2.32437 1.83776 1.74456 1.71986 0 0 0 0 0 0 0 1.08736 1.5564 0 0 0.212819 0 0 0 0 0 0.696647 0 0 0 0 0.154155 0 1.82553 0.593871 1.9275 0 0 0 0 0 1.16175 0 0 0 0.860432 0 0 0 0 0 0 0.284474 0.935323 1.98657 0 0 0 0 0 0 0 0 0.265014 0 0 0 0 0 1.46746 1.67503 1.10281 2.16446 0 1.86864 0 0 0 0 0 0.951151 0 0 0.851893 0.893616 0 0 0 0 0 0 0.26293 1.27184
AU20
 0 0 0 0 0 0 1.34404 2.03739 2.08628 2.00894 1.75016 2.25173 0 0.920161 1.07724 0 0 0 1.80311 0 0 0 0 0 0 0.850491 0.679994 0 0 0 1.67469 1.27787 0.708895 1.49134 0.960007 1.01843 1.55896 1.29083 0.964251 1.97884 2.02654 1.44786 0 1.86693 0.779468 1.8625 2.34091 2.15092 1.84764 1.05204 1.36336 1.60497 2.222 2.37326 1.60445 1.31605 0.36257 0.184397 1.64695 1.10699 0 0 0 0 0 0 2.06127 2.00552 1.03899 0.983193 1.36164 0 0.89239 1.20065 2.82486 1.09737 0.923572 1.5753 0.301427 0.490351 0.284905 0.453626 0 0 0 0 0 0 0 0 0 0 0 0 1.95591 2.96592
AU23
 0 0 0 0 0 0 1.8028 1.38112 1.68994 1.29111 1.26414 1.25872 0.446223 0.469379 0 0 0.320211 0 0 0 0.0268512 0 1.72201 2.28745 1.56378 0.461872 0 0 0 0 0 0 0 0 0 0 1.08003 0.254679 0.468795 0 0 0.444461 0.776004 0 0.78114 0.732529 0.350814 0 0 0 0 0 0 0.431434 0.798679 0.576585 0 0.717622 0.626351 0 0.932924 1.52115 1.10784 0.542253 0.595275 0 0 0 0 0 0 0 0 0 0 0 0 0.5591 1.43382 1.56255 1.315 1.26225 1.05769 0 0 0 0 0 0 0 0 0 0 0 0.499259 0.981859
AU25
 0 0 0 0 0 0 0 0 0 0 0 0 0 0 0 0 0 0.198583 0.150924 0 0 0.757505 0 0 0 0 0 0.374157 0.778567 0 0.290806 0 0 0 0 0.270125 0 0.487009 0.0127038 0.787475 0.960807 1.27255 0 0.067262 0 0 0.540626 0.778558 1.46759 1.44499 0.72223 0.621723 0.442108 0.339623 0.443768 0.276352 0.247902 0.00158616 0.16198 0.904901 0 0 0 0 0 0.301205 0.41643 0 0 0 0 0.442873 0.6145 0.370952 0.786209 0.809572 0.889222 0.486053 0.285589 0.25012 0.196565 0.0527433 0 0.0315221 0.486297 0.454445 0.137874 0 0 0 0.480301 0.671758 0.455034 0.619269 0.262382 0.242725
AU26
 0 0 0 0 0 0 0 0 0.207489 0 0 0.119208 0 0 0 1.77106 0 0 0.281915 0 0 0 0 0 0.694776 0.293901 0 0 0 0 0 0 0 0 1.85634 1.39497 0 0 0 2.47091 3.52137 4.86995 0.930418 1.02136 0.878525 0.595977 1.13215 1.25816 2.76311 1.17971 0 0 0 0 1.20172 0.856539 1.05526 0 1.58817 0 0 0 0 0 0 0 0 0 0 0 0 0 0 0 0 5 5 2.9707 0 0 0 0 0 0 0.787282 0.415073 0.454597 0.147704 0.790412 0.260242 0 0 0.120805 0 0 0
AU28
 0 0 0 0 0 0 0 0 0 0 0 0 0 0 0 0 0 0 0 0 0 0 0 0 0 0 0 0 0 0 0 0 0 0 0 0 0 0 0 0 0 0 0 0 0 0 0 0 0 0 0 0 0 0 0 0 0 0 0 0 0 0 0 0 0 0 0 0 0 0 0 0 0 0 0 0 0 0 0 0 0 0 0 0 0 0 0 0 0 0 0 0 0 0 0 0
AU45
 0.958442 0.910747 0.992811 0.705885 0.927783 1.01387 0.762067 0.728189 0.643259 0.541306 0 0 0.762638 1.07235 0.890348 0.912817 0.703052 0.82027 1.08504 0 0.387547 0 0 0 0.967012 0.648086 0 0 0 0 0.596732 0 0 0.738192 0 1.14787 0.982072 0.698912 0.539854 0 0 0 1.02761 0.827379 0 0 0 0 0 0 0 0 0 0 0.941518 0.908863 0 0 0 0 0.919541 0.792557 0 0 0 0 0 0 0 0 0 0 0 0 0 0 0 0 0 0 0 0 0 0 0 0 0 0 0 0 0 0 0 0 0 0
