timestamp
1288932.258 1288932.286 1288932.315 1288932.343 1288932.401 1288932.430 1288932.772 1288932.829 1288932.858 1288932.886 1288932.915 1288932.943 1288933.572 1288933.630 1288933.658 1288933.686 1288933.716 1288933.744 1288935.718 1288935.744 1288935.772 1288935.830 1288935.858 1288935.886 1288935.972 1288936.030 1288936.058 1288936.086 1288936.117 1288936.144 1288942.458 1288942.515 1288942.544 1288942.572 1288942.630 1288942.658 1288942.772 1288942.830 1288942.858 1288942.915 1288942.944 1288942.972 1288943.116 1288943.174 1288943.207 1288943.230 1288943.258 1288943.315 1288943.430 1288943.458 1288943.515 1288943.544 1288943.572 1288943.630 1288943.744 1288943.772 1288943.830 1288943.858 1288943.915 1288943.945 1288956.001 1288956.029 1288956.058 1288956.086 1288956.115 1288956.143 1288956.515 1288956.544 1288956.601 1288956.629 1288956.659 1288956.686 1288956.801 1288956.829 1288956.859 1288956.886 1288956.916 1288956.953 1288957.058 1288957.087 1288957.115 1288957.144 1288957.201 1288957.229 1288965.601 1288965.629 1288965.658 1288965.715 1288965.743 1288965.801 1288965.915 1288965.944 1288966.001 1288966.029 1288966.058 1288966.115 1288966.229 1288966.258 1288966.315 1288966.343 1288966.401 1288966.429 1288966.544 1288966.601 1288966.629 1288966.658 1288966.715 1288966.743 
AU01
 3.37141 2.36992 2.2001 1.65127 1.40677 1.76294 1.93538 1.79692 1.67262 1.31559 1.30691 1.21981 2.5998 1.73473 2.33186 1.77327 2.19024 0 1.96381 2.09687 1.78051 2.14325 2.04215 1.95619 1.88529 2.03085 1.76632 2.45531 2.27733 2.13905 1.24716 1.38562 0.35028 0.768674 0 1.05512 1.33669 0 0.46004 0 0 0 0 0 0 0 0 0 0.712458 0 0.709357 0 0 0 0 0.404807 1.85448 1.71935 1.75246 1.81541 1.44494 1.49093 1.61498 0.973754 0.744586 1.70696 0.847599 1.47805 1.57354 0.812248 2.15823 1.45094 1.39691 1.50421 1.09142 1.75359 1.80804 1.64435 1.17628 1.24876 2.28681 2.16639 1.8142 1.86186 0 0 0 0.999318 2.35651 3.72361 1.07669 0.624388 0.786674 1.16274 1.42549 1.41368 0 1.03284 1.78076 1.60523 2.97259 2.58015 0 1.92866 1.90197 1.80933 2.41473 2.11068
AU02
 0 0 0 0 0 0.0965833 0.0292912 0.208921 0.359569 0.111675 0.221908 0.0463161 0 0 0 0 0 0 0.30066 0.417349 0.260339 0.365788 0.419101 0.616423 0.188748 0.221431 0 0.266596 0.0537875 0 0 0 0 0 0 0 0 0 0 0 0 0 0 0 0 0 0 0 0 0 0 0 0 0 0 0 0 0 0 0 0 0 0 0 0 0 0 0 0 0 0 0 0 0 0 0 0 0 0 0 0 0.2201 0 0 0 0 0.0220756 0 0 0.0431086 0 0 0 0 0 0 0 0 0 0 0.373632 0.891699 0 0 0.348528 0.739842 1.2553 1.63459
AU04
 2.87637 3.51516 3.26111 3.67159 3.30828 3.64176 1.60085 1.8189 1.30196 1.01276 0.952646 0.901347 2.16458 2.65927 2.50119 2.9109 2.95265 2.80338 2.8067 3.0349 2.47264 2.65951 2.50893 2.5556 2.6722 2.82671 2.48421 2.95148 3.03566 2.99349 1.05789 1.86504 1.33658 2.01694 1.5839 1.91431 1.18784 0 0 0 0.894492 0.843342 0.536017 0 0 0 1.07818 1.04318 0 0 0.806747 0 0 0.757513 1.05105 1.37411 2.13317 2.46595 2.88872 2.94595 3.02482 2.52994 2.98314 2.39159 2.32601 2.13405 1.69963 2.52908 2.6409 2.29877 2.88955 2.72486 1.85848 2.2491 2.51572 2.11427 2.68547 2.55742 1.53475 2.28966 2.74317 2.89515 2.52275 2.45031 0 0 0 0 0 0 0 0.594361 1.20263 1.39761 1.5038 2.2017 0 1.1646 2.82771 3.00856 2.55516 2.43107 0 2.61113 2.06247 1.99871 1.05046 1.29773
AU05
 0 0 0 0 0 0 0 0 0 0 0 0 0 0 0 0 0 0 0 0 0 0 0 0 0 0 0 0 0 0 0 0 0 0 0 0 0.671081 0 0.458351 0.585886 0 0 0.242525 0.229665 0.188252 0 0.172306 0 0 0.051481 0.581689 0.441211 0.388196 0.464968 0 0 0 0 0 0 0 0 0 0 0 0 0 0 0 0 0 0 0 0 0 0 0 0 0 0 0 0 0 0 0.862906 2.01306 0 0 0 0 0.874761 0 0 0 0 0 0.0337798 0 0 0 0 0 0.0206416 0 0 0 0 0
AU06
 0 0 0 0 0 0 0 0 0 0 0 0 0 0 0 0 0 0 0 0 0 0 0 0 0 0 0 0 0 0 0 0 0 0 0 0 0 0 0 0 0 0 0 0 0 0 0 0 0 0 0 0 0 0 0 0 0 0 0 0 0 0 0 0 0 0 0 0 0 0 0 0 0 0 0 0 0 0 0 0 0 0 0.274719 0.602768 0 0 0 0 1.60704 1.71462 0 0 0 0 0 0 0 0 0 0 0.206667 0.751219 0 0.310462 0 0.930768 1.01664 0.920969
AU07
 1.45915 1.84477 1.55344 1.8109 1.51776 0.690856 1.6689 1.34589 1.48129 1.605 1.50103 0.898115 1.80231 1.95835 1.43848 0.534259 0.524126 0 1.45699 1.66104 1.42191 1.60145 1.19133 1.47568 1.45299 1.77073 2.06115 2.07129 1.76223 1.60124 0 0 0 0 0 0 0 0 0 0 0 0 0 0 0 0 0 0 0 0 0 0 0 0 0 1.37315 1.75571 2.36688 2.13339 2.16364 2.75589 2.79045 2.37128 2.11328 1.14723 0 1.70348 1.25956 1.59065 1.23369 1.86071 1.96735 1.47865 2.40952 1.53859 1.94789 2.78127 2.5285 0 1.0711 1.34471 1.64689 1.49211 1.37002 0 0 0 0 0 0.899759 0 0 0 0 0.502582 0.865713 0 2.49445 2.93231 2.9111 1.86997 0 0 3.51744 0.726304 0 0 0
AU09
 0 0.00917967 0 0 0 0 0 0 0 0 0 0 0 0 0 0 0 0 0 0 0 0 0 0 0 0 0 0 0.149226 0 0 0 0 0 0 0 0 0 0 0 0 0 0 0 0 0 0 0 0 0 0 0 0 0 0 0 0 0.206838 0 0.30637 0.918684 0.563783 0.425626 0 0 0 0 0 0 0 0.231046 0 0 0 0 0 0 0.152605 0 0 0 0 0 0 0 0 0 0 0.559055 0.647207 0 0 0 0 0 0 0 0 0.272819 0.884606 0.471686 0.463318 0 1.01201 0.699922 0.572237 0.361863 0
AU10
 0 0.377956 0.900704 0 1.01901 0.727878 0.493271 0.610076 0.961911 0.444933 0.939368 0.468065 0 0 0 0 0 0 0.492362 0.505085 0.738019 0.535628 0.324776 0 0.0562557 0.312197 0.702306 0.646184 0.611693 0.817971 0 0 0 0 0 0 0 0 0 0 0 0 0 0 0 0 0 0 0 0 0 0 0 0 0 0 0 0 0 0.598656 0 0 0 0 0 0 0 0 0 0 0 0 0 0 0 0 0 0 0 0 0 0 0 0 0 0 0 0 0 0 0 0 0 0 0 0 0 0 0 1.66971 0 0 0 0.911321 2.0568 1.37137 0 0.833377
AU12
 0 0.55793 0.521656 0.657223 0.654221 0.710228 0 0 0 0 0 0 0 0 0.657888 0.638976 0.689263 0.992142 0.585565 0.687875 0.812829 0.655587 0.602147 0 0.571968 0.435368 0.789586 0.834978 0 0 0.00943296 0 0 0 0 0.580463 0 0 0 0 0 0 0 0 0 0 0 0 0 0 0 0.187896 0 0 0 0 0 0.366618 0.31989 0.656274 0.412355 0.329956 0.321352 0.463965 0.684929 0.741823 0.177486 0.347624 0.273412 0.434373 0.463527 0.397775 0 0 0 0 0.0201693 0.0594668 0 0 0.452923 0.726882 1.02299 1.21522 0 0 0 0 0 0 0 0 0.426249 0.558007 0.49314 0.565538 0 0.1928 0.49598 1.02144 0.938082 0.951021 0 0.518994 0 0 0 1.1112
AU14
 0.204464 0.536798 0.698944 0.699839 0.88084 1.14614 0 0.0819532 0.531863 0.220532 0.23766 0.415579 0.206644 0.432137 0.182473 0.253077 0 0.547116 0.631222 0.960481 0.33581 0.539055 0.577865 0.611944 1.36639 1.97546 1.29499 0.8626 0.72357 0.853697 0.830324 0.758011 0 0 0 0 0.431199 0.225569 0 0 0 0 1.43314 0.974499 1.08452 0.697715 0.853059 0.824492 1.29502 1.10533 1.1066 1.90721 1.23915 0.678776 0.802678 0.106015 0.754677 0.908382 1.00661 1.30666 1.08894 0.943422 0.640923 1.14367 0.432201 1.0111 0.907061 0.854585 0.951818 1.25308 0.936585 0.528166 1.16026 0.519451 0.622037 0.918902 0.779958 1.00522 0.442256 0.332335 1.32768 1.48638 1.65239 2.25788 0.759613 0 0 0 0 0 0.238468 0.827584 0.680338 1.25438 1.22076 1.09713 1.07177 1.50554 1.58376 0.41667 0.840511 0.948853 0.651612 0.831006 1.50657 1.4503 0.684703 0
AU15
 0 0 0 0 0 0 0 0 0 0 0 0 0 0 0 0 0.239741 0.113306 0 0 0 0 0 0 0 0 0 0 0.099613 0.289467 0 0 0 0 0.0308484 0 0 0.00364363 0 0.0970686 0 0 0.0341687 0 0.250088 0 0 0.158894 0 0.000987532 0.177312 0.0778224 0.437767 0.134952 0 0 0 0.208739 0.255562 0.415438 0 0 0 0.605958 0.828642 0.771029 0.282753 0.411098 0.315978 0.250859 0 0 0 0 0 0 0 0 0 0 0 0 0 0.351426 0.459299 0 0 0 0.798292 1.02787 0 0 0.206901 0.460233 0.183872 0.546495 0 0.253564 0.00994581 0.323379 0.344978 0.0944427 0 0.327568 0.17642 0.113274 0 0.261559
AU17
 1.03702 1.19951 1.64563 1.29776 1.38472 1.12419 1.66105 1.78446 1.97038 2.03989 2.58882 2.4279 1.96583 2.3902 1.87373 1.56553 1.13622 1.03843 2.02659 2.13685 2.40711 2.36945 2.2782 2.62923 1.82626 1.80999 2.23775 1.99332 1.99758 1.99397 1.74889 1.86124 1.56756 1.05108 1.4997 1.06619 1.7326 1.78642 1.7539 1.29386 1.85325 1.48001 0.94404 1.36028 1.03414 0.947974 0.817281 1.43957 0.766958 2.19173 2.61106 2.01565 1.20313 1.0096 1.01668 0.896185 1.71611 1.24401 1.38687 2.36717 0.738772 0.885952 0.70516 0.640039 0.720502 0 0.961924 0.737313 0.695598 0.803769 0 0 1.0875 0 0.977357 0 0 0 0.621382 0.921093 0.624773 0.725607 1.06742 1.14813 1.09 0 0 1.07117 1.13045 0.848525 1.1416 1.89434 1.70932 1.60376 1.6637 1.82662 1.02942 0.684779 0.427771 1.93456 0 0 1.12748 1.65637 2.22416 1.34507 0 0
AU20
 2.34428 2.20751 2.50401 2.60478 2.00548 1.89707 3.13 2.9376 2.89774 3.03321 3.11016 3.60906 0.590393 0.131915 0 0 0.557151 0.66651 2.31537 2.11625 2.32351 2.22589 2.39313 2.82409 3.34601 3.57632 3.06671 3.13462 2.94271 3.21483 0.833546 0.195845 0.283291 0 0 0 0.89038 0.816495 0.0700252 0.694234 0.527322 0.245946 0.678929 0.0722842 0.432131 0.236488 0.194237 0.0999459 2.24263 2.20601 1.35208 0.755339 1.71182 1.22129 0.611326 0.217137 0.425768 0.688303 1.42204 2.07602 0.76208 0 0 0 0 0 0 0 0 0.475204 0 0.686928 0.868295 0 0.473949 0.473965 0 0.565985 0 0 0 0 0.360766 0.544689 0.395884 0 0 0 0.98027 2.58718 0.773168 0.767492 0.182959 0 0 0.0204416 0.854317 0.895535 1.69508 1.68858 2.23536 1.8886 0.567732 2.24602 2.18157 1.95869 0.986673 1.65248
AU23
 1.02162 0.989062 1.05131 0.680352 0.819493 1.03646 0.936809 0.500157 0.505674 0.55631 0 0 0.461012 0.636377 0.90214 0.300713 0.708721 0.750024 0.84517 0.586877 0.659997 0.292745 0.303816 0.522717 0 0 0 0.511067 0.499363 0.485201 0.973933 0.724677 0.708411 0.293143 0 0.258743 0.639117 0.688744 0.836638 0.920873 0.728599 0.497027 0.571369 0.400763 0.248644 0.375037 0.322712 0 0.571732 0.274999 0.607346 0.30801 0.884649 0 0 0.231028 0.464187 0.431657 1.13106 1.21369 0.357475 0.288888 0.404698 0.709256 0.7222 1.25655 0.422404 0.196482 0.263232 0.39378 0.348585 0.243955 0.301594 0.332647 0.231589 0.192837 0.305119 0.180661 0.334701 0.216228 0.332188 0.381192 0.660285 0.42827 0.425663 0.494429 0 0.723967 0 0 0 0.571241 0.446091 0.877214 0.715555 0.941097 0.734615 0.523973 0.815412 1.336 0.39221 0 0.21798 0.514882 1.15804 1.15877 0.803598 0.779787
AU25
 0.496391 0.606673 0.314329 0.19417 0 0 0.175328 0.329407 0.105579 0.142992 0 0.0771306 0 0 0 0 0 0 0.481017 0.367545 0.321291 0.398347 0.368171 0.269355 0.614507 0.671028 0.60983 0.694914 0.732272 0.751671 0 0 0 0 0 0 0 0 0 0 0 0 0 0 0 0 0 0 0 0 0 0 0.109096 0.0274373 0 0 0 0.277581 0.330879 0.376137 0.558296 0.575883 0.50651 0 0 0.276449 0 0.202397 0.357401 0.381085 0.377151 0.422382 0.151372 0.144074 0.146303 0.195013 0.250707 0.336229 0 0.0946417 0.421811 0.409043 0 0.366576 0 0 0 0 0 0.200437 0 0 0.231195 0.174735 0.0667485 0.353907 0 0 0.59296 0.551646 1.0082 1.66702 0 0.465481 0.493273 0.568231 0.51803 0.44214
AU26
 0 0.375791 0.557175 0.709586 0.465913 1.00571 0.722453 0.817658 0.540915 0.59082 0.775141 0 0 0 0 0 0 0 0.545803 0.244086 0.408196 0.263032 1.20496 1.33485 0.244 0.0796665 0.540289 0.124907 0.408552 0 0 0 0 0 0 0 0 0 0 0 0 0 0 0 0 0 0 0 0 0 0 0 0 0 0 0 0 0 0 0 0 0 0 0 0 0.0826801 0 0 0 0 0 0 0 0 0 0 0 0 0 0 0 0 0.19615 0.376138 0 0 0 0 0 0 0 0 0 0 0 0 0 0 0 0.798982 0 0.0799023 0 0 2.40973 2.61565 1.54599 1.74274
AU28
 0 0 0 0 0 0 0 0 0 0 0 0 0 0 0 0 0 0 0 0 0 0 0 0 0 0 0 0 0 0 0 0 0 0 0 0 0 0 0 0 0 0 0 0 0 0 0 0 0 0 0 0 0 0 0 0 0 0 0 0 0 0 0 0 0 0 0 0 0 0 0 0 0 0 0 0 0 0 0 0 0 0 0 0 0 0 0 0 0 0 0 0 0 0 0 0 0 0 0 0 0 0 0 0 0 0 0 0
AU45
 0.414453 0.203724 0.37178 0.266531 0 0 0.943551 0.921833 0.843678 0.933122 0.913406 0.854757 0.435398 0.383904 0.331739 0.232668 0 0 0.920607 0.922356 0.875505 0.957314 0.923261 0.645656 0.705803 0.784545 0.683449 0.720009 0.480339 0.243465 0.942474 0.947191 0.850137 0.55843 0.272362 0.323351 0.895483 0.658918 0.6752 0.743392 0.751098 0.802653 0.809048 0.750611 0.933088 0.684231 0.688462 0.663094 0.980599 0.963292 0.882231 0.838903 0.855668 0.540939 0.971742 0.947158 0.816316 0.782159 0.615056 0.443265 0.942533 1.01212 0.942463 0.653133 0.511244 0.205401 0.900947 0.761466 0.70675 0.795627 0.781532 0.750261 1.00368 0.892418 0.968166 0.652752 0.986337 0.921968 0.94943 0.921107 0.645111 0.348384 0.0672083 0 0.947474 0.281715 0 0 0 0 0.265866 0.505682 0.70211 0.619719 0.649127 0.646481 1.25267 1.26455 0.974511 0.0600546 0 0 1.04385 0.235974 0 0 0 0
