timestamp
1288813.804 1288813.830 1288813.858 1288813.915 1288813.944 1288813.972 1288814.058 1288814.086 1288814.144 1288814.173 1288814.201 1288814.230 1288814.372 1288814.401 1288814.429 1288814.458 1288814.486 1288814.544 1288814.629 1288814.658 1288814.686 1288814.744 1288814.772 1288814.801 1288814.886 1288814.944 1288814.972 1288815.001 1288815.030 1288815.058 1288815.172 1288815.201 1288815.230 1288815.258 1288815.286 1288815.344 1288815.430 1288815.458 1288815.486 1288815.544 1288815.572 1288815.601 1288815.972 1288816.001 1288816.030 1288816.058 1288816.086 1288816.144 1288816.229 1288816.258 1288816.286 1288816.344 1288816.372 1288816.401 1288816.773 1288816.801 1288816.830 1288816.858 1288816.886 1288816.944 1288819.686 1288819.744 1288819.772 1288819.801 1288819.830 1288819.858 1288824.115 1288824.144 1288824.172 1288824.230 1288824.258 1288824.315 1288824.744 1288824.772 1288824.830 1288824.858 1288824.915 1288824.944 1288825.087 1288825.115 1288825.144 1288825.172 1288825.229 1288825.258 1288825.372 1288825.430 1288825.458 1288825.515 1288825.544 1288825.572 1288825.715 1288825.745 1288825.772 1288825.836 1288825.858 1288825.915 1288826.031 1288826.086 1288826.115 1288826.144 1288826.172 1288826.230 1288828.258 1288828.316 1288828.347 1288828.402 1288828.459 1288828.515 1288830.144 1288830.172 1288830.201 1288830.230 1288830.286 1288830.315 1288833.886 1288833.915 1288833.945 1288833.972 1288834.001 1288834.029 1288834.144 1288834.172 1288834.201 1288834.229 1288834.258 1288834.315 1288834.401 1288834.429 1288834.458 1288834.515 1288834.545 1288834.572 1288834.686 1288834.715 1288834.744 1288834.772 1288834.801 1288834.829 1288834.944 1288834.972 1288835.001 1288835.029 1288835.058 1288835.115 1288835.201 1288835.229 1288835.258 1288835.315 1288835.344 1288835.372 1288835.401 1288835.429 1288835.458 1288835.515 1288835.544 1288835.572 1288835.744 1288835.772 1288835.801 1288835.829 1288835.858 1288835.915 1288836.001 1288836.029 1288836.059 1288836.115 1288836.146 1288836.172 1288836.258 1288836.315 1288836.345 1288836.372 1288836.400 1288836.429 1288861.829 1288861.889 1288861.915 1288861.972 1288862.001 1288862.029 1288862.801 1288862.829 1288862.888 1288862.915 1288862.972 1288863.001 1288863.115 1288863.172 1288863.201 1288863.229 1288863.287 1288863.315 
AU01
 0 1.28822 2.3735 1.79033 2.77182 2.4182 0 0 0 0 0 1.37613 0 0 0 0 0 2.0264 0.826352 0.902776 0 0 0 1.24375 0 0 0 0 0 0 0 0 1.6745 0.632699 0.9684 1.09437 1.80398 2.28473 2.8335 2.24018 2.48027 2.82684 3.6131 3.60361 2.74124 3.16316 2.68626 2.74169 2.60746 3.25128 2.7141 2.28036 2.4396 2.65247 2.15145 1.96001 2.0309 2.05348 1.81565 1.42126 1.63519 1.22987 1.9363 2.19739 2.07774 1.65408 1.21599 0.985338 1.00913 1.55825 0 0 1.74698 1.42806 1.07629 1.02783 0.867848 0.905658 1.10141 1.18517 0.754797 1.15854 1.19331 0.829478 0 0 0 0 0.685038 0 0 0 0.973653 1.41864 1.43879 1.81375 1.52329 1.46807 1.31737 2.1888 2.57743 2.02525 1.8851 1.63742 1.58487 1.19953 0.94174 1.1532 1.27492 1.55374 1.35852 1.36018 1.41715 1.38566 0 0 0 0 0 0 0.568035 0.504715 0.549597 0.797354 0.372689 0 0.758378 0.51279 0 0.774086 0 0 0.834908 0 0 1.33832 3.7677 3.87006 0 0 0 0 0 0 0 0 0.402466 0 0.33311 0.210312 0.316434 0.0539528 0.186118 1.21478 0.856505 1.27405 0.590867 0.691207 2.23508 2.17339 1.42905 1.14936 0 0 0 0 0 2.11865 1.5925 1.42185 1.24741 1.89645 1.15896 0.68437 0.70044 0 0 0 0 0 0.605351 0 0 0 0.547067 0.42824 0 0 0 0 0 0
AU02
 0 0.232601 0.358054 0.617472 0.8846 1.39458 0.106275 0 0 0 0.302197 0.162491 0.569541 0 0 0 0 0.591499 0.0910034 0 0 0 0 0.92354 0 0 0 0 0 0 0 0 0.468318 0 0.0889981 0.389486 0 0.0534324 0.582108 0.42483 0.58749 0.560101 0.211169 0.326194 0.464528 0.825945 0.68594 0.67528 0 0.104047 0.046741 0 0 0.367389 0 0 0 0 0 0 0 0 0 0 0 0 0.132424 0.302518 0 0 0 0 0 0 0 0 0 0 0 0 0 0 0 0 0 0 0 0 0 0 0 0 0 0 0 0 0 0 0 0.123586 0.308876 0.366711 0 0 0 0 0 0 0 0 0 0 0 0 0 0 0 0 0 0 0 0 0 0 0 0 0 0 0 0 0.217849 0.281274 0 0 0 0 0 0 0 0 0 0 0 0 0 0 0 0 0 0 0 0 0 0 0 0.307032 0 0 0 0 0.133643 0.548892 0 0 0 0 0 0 0 0 0 0 0 0 0 0 0 0 0 0 0 0 0 0 0 0 0 0 0 0 0 0
AU04
 1.26992 0.625021 0 0 0 0 0.419162 0.273449 0.771038 0.405791 0.810852 0.664465 0.437041 1.44341 0 0 0 0 1.06635 0.940254 0 0 0 0 0.80293 1.19238 1.07367 1.79122 2.33756 2.55179 1.0012 1.61166 1.20036 0.78552 0.286028 0 3.46107 2.66417 2.12197 1.3055 1.11383 0.834111 2.05648 1.90144 1.8277 1.71475 1.57092 0.923253 1.78765 2.11337 2.92622 3.01102 2.93325 2.93366 2.23728 2.34013 2.4308 2.71197 2.81975 3.039 1.6118 1.78245 1.89228 1.35748 0.882804 1.41673 0.609508 0.362014 0.271878 0.591247 0.268413 0.291578 1.5153 1.14844 1.59706 1.74674 2.08857 1.97199 1.29252 1.25601 0 1.30625 0.832359 1.69083 1.27922 0 1.19779 0 1.12239 0 0.861841 1.10464 1.77422 2.09207 1.91393 2.33908 1.25274 1.67392 1.88102 2.45594 2.0287 2.1953 1.80049 2.41656 2.3469 2.52687 2.55588 2.0417 1.91546 1.98488 2.23001 1.94775 2.50387 1.94689 1.0072 0 0 0 0 0 0.857683 0.770791 0.87879 1.25866 1.08527 0.785831 0.428716 0 0 0 0 0 1.23755 0 0 0 0 0 0.735061 0 0 0 0 0 0 0 0 0 0 0 0.374598 0 0.452619 0 0 0 0.878443 1.40242 2.2913 2.19944 1.56436 1.53428 0 0 0 0 0 1.32434 3.06973 3.43705 2.08058 3.03908 1.94315 1.22764 1.08926 0 0 0 0 0 0.463727 0.670596 0.424361 0.220093 0.692576 0.760462 0.305649 0 0 0 0 0.474846
AU05
 0 1.14445 0 0 0 0 0 0 1.35048 1.02534 0 0 1.09003 0 0 0 0 0 0.731944 0 0 0 0 0 0 0 0 0 0 0 0 0 0 0 0 0.168062 0 0 0 0 0.118017 0.346532 0 0 0 0 0 0 0 0 0 0 0 0 0 0 0 0 0 0 0 0 0 0 0 0 0 0 0 0 0 0 0 0 0 0 0 0 0 0 0 0 0 0 0 0 0 0 0 0 0 0 0 0 0 0 0 0 0 0 0 0 0 0 0 0 0 0 0 0 0 0 0 0 0 0 0.0773801 0.997531 1.24019 1.43916 0 0 0 0 0 0 0.244911 0.134584 0.702694 1.07668 1.70562 1.42335 0 1.2764 1.12663 0 0 0 0 0.014189 0.0247853 0.294206 0.204486 0 0 0 0 0.553075 0 0.543727 0 1.50227 0 0 0 0 0 0 0 0 0 0 0 0 0 0 0 0 0 0 0 0 0 0 0 0.406613 0.546507 0 0 0.20406 0 0 0 0 0 0 0 0 0 0 0.121038 0
AU06
 0 0 0 0 0 0 0 0 0 0 0 0 0 0.813977 0.298716 0.326066 1.34431 1.49977 0 0 0 0 0.908309 1.11743 0 0 0 0 0 0 0 0 0 0 0 0 0 0 0 0.512912 0.527348 0.808893 0 0 0 0.32853 0 0.825811 0 0.319867 0.189468 0.3089 0.308256 0.497507 0 0 0 0 0 0 0 0 0 0 0 0 0 0 0.206857 0 0.229296 0 0 0 0 0 0 0 0 0 0 0 0 0 0 0 0 0 0 0 0 0 0 0 0 0 0 0 0 0 0 0 0 0 0 0 0 0 0 0 0 0 0 0 0 0 0 0 0 0 0 0 0 0 0 0 0 0 0 0 0 0 0 0 0 0 1.35267 2.01782 0 0 0 0 0 0 0 0 0 0 0 0 0 0 0 0 0 0.36153 0 0 0 0.36069 0.997055 1.02027 0 0 0 0 0 0 0 0.306073 0 1.07399 1.51361 1.77697 0 0 0 0 0 0 0 0 0 0 0 0 0 0 0 0 0 0
AU07
 0 0 0 0 1.71968 1.27846 0 0 0 0 0 0 0 0 0 0 2.6791 1.71391 2.11108 0 0 0 2.11363 0 0 1.39096 1.16997 1.22363 0.557576 1.29031 0 0 0 0 0.634908 0.0876566 2.57385 2.09572 1.92638 0 0 1.34483 2.42195 2.28782 1.50858 1.46436 1.81193 1.37642 1.97745 2.67303 3.17931 3.69186 3.14705 2.84176 2.62506 2.58999 2.91263 2.7341 2.9121 2.86715 1.91649 1.94572 1.66778 1.80459 1.05516 1.68609 1.42784 1.45026 0.917657 1.03023 1.27011 0.770767 2.30134 1.87573 1.63411 0 0 0 0 0 0 1.32688 0 1.50631 0 1.53159 0 0 0 1.80059 0 1.87504 0 1.50886 2.31006 2.19285 2.09053 2.03421 1.99735 2.66797 2.93778 2.69747 2.09669 2.65021 2.40269 2.82851 2.03536 1.45956 2.16801 2.24096 2.39616 2.80624 2.77049 2.23333 1.71324 0.954133 0 0 0 0 1.72534 1.28175 1.57892 2.43041 1.94532 2.0431 1.82996 0 0 0 0 0 1.1321 0 0 0 2.94309 3.71613 1.70242 1.28508 0 0 0.990173 0 1.4579 1.97729 0 0 0 0 2.18523 0.791103 0.712809 0.554182 0 0 1.0103 1.62804 2.57866 2.48053 0.703797 0 0 0 0 0 0 0 1.62897 2.6075 2.31474 2.37844 1.26854 0.665154 2.20603 1.64297 0 0 0 1.7646 2.12776 1.1953 0 0 0 0 1.34723 1.0165 1.1973 1.38346 1.31669 1.20638
AU09
 0 0 0.054858 0.239564 0.815541 1.1001 0 0 0 0.0300343 0.12604 0.197588 0 0 0 0 0 0 0.964203 0.780488 0 0 0 0 1.08949 1.04301 0.666388 0.890964 0.487876 0.49261 0.438635 0 0 0 0 0 0 0 0 0 0 0 0 0 0 0 0 0 0 0.11744 0.583663 0.750699 0.630418 0.776608 0 0.0306142 0.282469 0.183649 0.253268 0.185159 0.0421001 0 0 0 0 0 0 0 0 0 0 0 0 0 0 0 0 0 0 0 0 0 0 0 0 0 0 0 0 0 0 0 0 0 0 0 0 0 0 0.0730636 0.234422 0 0.213231 0 0.379205 0.378025 0.472369 0.358529 0 0 0 0.0904571 0 0.374477 0 0 0 0 0 0 0 0.0280246 0 0.214437 0.0533903 0 0 0 0 0 0 0 0 0 0 0 0 0.516749 0 0 0 0 0 0 0 0 0 0 0 0 0 0.267331 0.5739 1.10961 1.23777 0.880883 0 0.134251 0.989815 0.968522 0.523529 0.610595 0 0 0 0 0 0 0.856874 0.784997 0 1.02994 0.909653 0 0 0 0 0 0 0 0 0 0 0 0 0 0 0 0 0 0 0
AU10
 0 0 0 0 0 0 0.892932 0.618557 0 1.02194 0 0 0 0 0 0 0.202696 1.25303 0 0 0 0 0 0.98155 0 0 0.479614 0 0.367143 0 0 0 0 0 0 0 0.0468985 0.815118 1.1942 1.38317 0.921639 1.01827 1.0626 1.58457 1.45199 0.986972 0.666432 0.732726 0.499252 0.661866 1.00493 1.00977 0.774216 0.9068 0.343344 0.839642 0.772238 1.07733 0.651259 0.403318 0 0 0 0 0.24399 0.405672 0 0 0 0 0 0 0 0 0 0 0 0 0 0 0 0 0 0 0 0 0 0 0 0 0 0 0 0 0 0 0 0 0 0 0 0.440871 0 0 0 0 0 0 0 0 0 0 0 0 0 0 0 0 0 0 0 0 0 0 0 0 0 0 0 0 0 0 0 0 0 0 0 0.924256 0 0 0 0 0 0 0 0 0 0 0 0 0 0 0.399177 1.23954 0.600285 0 0 0 0 0.979464 0.631949 0.489604 0 0 0 0 0 0 0 0 0.873514 2.55776 2.04249 1.02133 0 0 0 0 0 0 0 0 0 0 0 0 0 0 0 0 0 0
AU12
 0 0 0 0 0 0 0 0 0 0 0 0 0 0 0.321534 0.475098 0.471219 0 0 0 0 0 0.199198 0.331227 0 0 0 0 0 0 0 0 0 0 0 0.71215 0.572675 0.582739 0 0.702575 0.654239 0.630141 0 0 0 0 0.247283 0.368164 0.216466 0.236155 0.331365 0.34874 0.330435 0.634462 0 0.305248 0 0.184546 0.178571 0 0 0 0 0 0 0 0 0 0 0 0 0 0 0 0 0 0 0 0 0 0 0 0 0 0 0 0 0 0 0 0 0 0 0 0 0 0 0.0341711 0.032762 0.105136 0.0464771 0.0464758 0 0 0 0 0 0.0978088 0 0 0 0 0 0.0898696 0 0 0 0 0 0 0 0 0 0 0 0 0 0 0 0 0 0 0 0 0 0 0 0 0 0 0 0 0 0 0 0 0 0 0 0 0 0 0 0 0 0 0 0.170708 0.0141314 0.166686 0.661102 0.805317 0 0 0 0 0 1.39558 0.61227 0.373968 0.542763 0 0 0 0.456393 0 0 0 0 0 0 0 0 0 0 0 0 0 0 0 0 0
AU14
 0.353191 0.761566 1.21804 1.47839 1.79745 1.3637 0.383517 0.359603 0 0.420756 1.01949 1.08806 0.587287 0.646526 0.595187 0 0 1.15082 0.917641 0.588259 0.785905 0 0 1.84936 0.89322 0 0 0 0 0 0 0.366164 1.08036 1.35144 0 0 0.0207893 0 0 0 0 0 0 0 0 0 0 0 0.193726 0 0.525997 0.168142 0.383635 0 0.709391 0.627165 0.141722 0 0.149274 0 0.519929 0.12894 0.51893 0 0.360129 0 0.494728 0 0 0 0 0 0 0 0 0 0 0 0.00449988 0.134985 0.0477413 0.0828193 0.159081 0 0 0 0.212763 0.300452 0.306614 0.0692727 0.747776 0.743403 0.621336 1.07012 1.2746 1.49056 1.27435 1.72137 1.39057 1.5325 1.43636 1.71367 1.02912 0.552902 0.796984 0.68918 0.856315 1.13983 0.493986 1.17825 1.20163 0.589387 1.17804 0.782571 0.624404 0.00830325 0 0 0 0 1.16154 1.03194 0.876241 0.975298 1.51851 0.82906 0 0 0.536497 1.55992 1.39425 0 0.930372 0 0 0 0 0 0.562796 1.30158 0 0 0 0.832169 0.190117 0.237772 0.455201 0 0 0.512197 0 1.72103 0.642514 0.52612 0.606663 0.486364 1.50119 1.52156 2.09114 2.04634 1.50246 1.82784 0.421617 0.899967 0 0 0.37715 0.595907 1.5413 1.86194 1.34988 1.75739 1.19644 0.304938 0 0.562253 0 0 0.555247 1.07481 0.931684 0.612722 0.765775 0.136409 0.953061 0.445196 0.205324 0.0750873 0.543779 0.661413 0.538301 1.10041
AU15
 0 0.44508 0.984168 0.828848 0.649305 0.547168 0 0 0 0.0254866 0 0 0 0 0 0 0 0 0.242436 0 0 0.142723 0.273181 0 0.459357 0 0.0752973 0 0 0 0.671937 0 0 0 0 0.00877697 0 0 0 0 0 0 0 0 0 0 0.137337 0 0 0 0 0 0 0 0 0 0 0 0 0 0 0 0 0 0 0 0 0 0 0 0 0 0 0 0 0 0 0 0 0 0 0 0 0 0.0256841 0.113511 0.111519 0 0.04866 0 0.0822078 0.324767 0.262637 0.170875 0.236989 0 0 0 0 0 0 0 0 0 0 0 0 0 0 0 0 0 0 0 0 0 0 0 0 0 0 0 0 0 0 0 0 0 0.0136996 0.0624052 0.738492 0 0 0 0 0 0.520873 0.834394 0 0 0 0 0 0 0 0 0 0 0.249529 0.0732305 0.0397485 0.335309 0 0 0 0.206089 0 0.344908 0.194691 0.268478 0.253722 0.55947 0 0 0.302614 0.330305 0.750217 1.42522 0 0.145655 0.0263097 0 0 0.0432111 0 0 0.553855 0 0 0 0 0 0.072078 0 0 0.00228167 0 0 0 0 0 0
AU17
 0 1.13755 0 0 0.919301 1.30601 1.33415 1.48502 0.926111 0 0 0 1.76476 0 0 0 0 0 1.4902 1.29307 0 0 0 0 1.41288 1.54978 2.13412 2.05021 1.85605 1.92345 0 0.836554 1.22372 0.965403 0 0 1.54251 1.5591 1.67675 2.03543 2.35068 1.8121 1.26282 2.08751 2.5364 2.08729 1.90981 1.74126 1.65506 2.10183 2.03061 1.80642 1.77539 2.0668 1.14914 1.32692 1.2949 2.12978 1.62797 1.584 1.36932 1.35773 1.32782 1.51632 1.36725 1.57586 0.880395 0.406859 0 0 1.47734 1.28861 1.67618 2.03665 1.84639 1.61432 1.28302 0.964139 1.88373 2.04963 1.34413 1.56255 1.56308 1.01485 0.597257 0 0.752839 0.589582 0 0.617606 0 0.946455 0.913629 1.03974 1.1208 0.719917 0.420858 0.679616 0 0 0.814117 0.774849 0.696646 0.911891 0.898889 0.629701 0.550793 0.76562 1.00148 0.971897 1.19951 1.07801 1.02614 0.65202 0.665792 0 0 0 0 0 0 0.835777 0.857344 0.755873 0.792956 1.07727 2.05836 1.29309 1.4262 0.818341 0.693852 0.666589 0.824589 0.495076 1.03539 1.80621 0.507769 0.00553592 0.855011 0.587107 0 0 0 0.536925 0 0 0.664582 1.29091 0 1.05799 1.82477 0.303935 1.54675 1.3028 1.1105 0 1.22962 0.761181 0 0.935425 1.0567 0.981122 0 0 0 0 0 0.61032 0.56253 0.606016 1.04499 2.5463 1.85719 1.31289 0.810474 1.07588 1.16961 0.192686 0.415851 0.466922 0.439583 1.02456 1.12186 1.13019 0.885677 1.90717 0.602185 0.943036 0.852795 1.08753 0.453164 0
AU20
 1.74434 1.40926 2.2745 2.23491 2.0391 2.75444 2.01302 2.47485 2.23739 1.85196 2.24103 1.02335 2.54125 2.08482 0.832924 0 0 0 1.96709 2.67528 1.52545 0.235906 0.33692 0 1.62446 1.85478 1.34081 1.46195 1.35332 1.89336 1.10987 0.6937 1.17328 0.876338 0.436968 0.862713 2.53189 2.55508 2.6077 3.02411 2.14016 2.05818 2.54983 2.3173 2.32346 2.64165 2.68525 1.91154 1.52931 1.43964 0.864714 0.221405 0.974382 0.862446 1.94721 1.81121 0.943954 1.70715 1.21301 1.39701 2.66467 2.50163 1.98586 2.48871 2.44579 2.34585 1.61396 1.71815 1.06035 0 1.17653 0 0 0 0 0 0.27653 0 1.18752 1.16625 1.08095 0.976005 0.787438 1.19422 0.372182 0.103147 0.35225 0.127674 0.165602 0 0 0 0 0 0 0.693619 0.543114 0.904909 0.51289 1.19602 1.13605 1.59586 0 0 0 0.861425 0.847649 0.775762 0 0.868826 0.494986 0 0 0.873397 1.4263 0.731068 0.723622 0.469626 0.491592 0 0.894458 0.686802 1.4083 0.951 1.04052 1.01285 0.345531 0.923976 0.885701 0.556816 0.64059 0 1.50865 0.593246 0 0.402414 0.835923 0 1.19414 1.37862 1.06089 0.841539 1.49515 2.40523 0.660387 1.20859 0.810857 1.29423 0.78413 0 0.697427 1.45198 2.03571 2.00426 2.71928 3.02728 1.65201 1.08529 1.49579 2.50914 2.17885 2.18228 0.96673 0.792694 1.34232 0.566756 0 0 0 1.23481 0.945936 2.00171 2.01377 2.02154 0.326408 2.39299 1.30887 0.627977 0.768683 0.773694 0 0.541295 0.350652 0.437226 0 0.479305 0 0.762924 0.892161 1.29985 1.62676 1.29336
AU23
 0 0.725313 0.841869 0.9272 1.34531 0.759936 0 0 0.435668 0 0.422346 0 0 0 0 0.312446 0 0 1.24051 0.81482 0.421415 0 0.464905 0 0 0 0.611514 0 0.431016 0.392436 0 0 0.390682 0 0 0 0.882414 0.829165 0.6978 1.05715 1.1072 1.90372 0.388959 0.703374 0.488145 0.760633 0.72119 0.565065 0.689588 0.686047 0.745873 0.326758 0.334494 0.657565 0.740044 0.669431 0.601138 0.631155 0.485737 0.517567 0.383564 0.653064 0.546054 0.372052 0.381763 0.314708 0 0 0 0 0 0 0 0.214125 0 0 0 0 0.426323 0 0.525795 0.627736 0.462221 0 0 0.345555 0 0.32302 0.216759 0 0 0 0 0 0 0 0 0 0 0 0 0 0 0 0.131451 0 0.279761 0 0.21222 0.342604 0 0 0 0 0 0 0 0 0 0.483784 0 0 0.405781 0.216524 0.472756 0.387135 0.744179 0.476285 0.193349 0 0 0.639655 0.0918484 0 0.517289 0 0 0 0.308044 0 0 0 0 0 0.324017 0 0.215925 0.259807 0.42822 0.484581 1.0441 0.578447 1.05444 1.04436 0.724204 0.271276 0 0.844914 0.329082 0.730531 1.28173 1.23444 0.243976 0.421088 0.582917 0.506113 0.274053 0.0949995 0.270004 0 0 0.767737 1.18501 1.41824 0 0.308237 0 0.359572 0.694702 0.589807 0 0 0.389154 0.313766 0.425077 0.254244 0 0 0 0 0 0
AU25
 0 0 0.205515 0 0 0 0 0 0 0 0 0 0.178194 0.460516 0.434564 0.531798 0 0 0.354969 0.0499968 0 0.132084 0.0670006 0 0.18576 0.109768 0 0.00486568 0.0415817 0.117044 0 0.104885 0 0 0 0 0.515469 0.362765 0.160322 0 0 0 0.507128 0.409309 0.202206 0.275303 0.195954 0 0.142153 0 0 0.165268 0.197923 0.168225 0.290039 0.187253 0.092095 0 0.118214 0 0 0.165928 0 0 0.142876 0.0320056 0.218585 0.0465781 0.3777 0.351274 0.477172 0.237968 0 0 0 0 0 0 0 0 0 0 0 0 0 0 0 0 0 0 0 0 0 0 0 0 0 0.0909946 0.122498 0.149437 0 0 0.226681 0.089929 0.157582 0.218672 0.198456 0.272287 0 0 0 0 0 0.0387614 0.191956 0.149611 0 0 0 0 0.196632 0.237132 0 0 0 0.217668 0 0 0.0753825 0.00817414 0 0 0.178818 0 0 0 0.106263 0.233452 0.373979 0.373354 0.270062 0 0.349404 0.458622 0.174465 0.241106 0.24547 0.231467 0.138782 0.185758 0.0873969 0.625635 0.0705701 0.0646297 0.272399 0.587568 0.352578 0.53297 0.558497 0.737232 0.473365 0.614468 0.240047 0 0 0 0 0.597345 0.716511 0.579748 0.366692 0.431876 0.285239 0.398678 0.604471 0 0 0 0 0.249543 0.168242 0 0 0 0 0 0 0.0199721 0 0 0.176935 0.262866
AU26
 0 0 0 0 0 0 0 0 0 0 0 0 1.44725 1.50699 1.05407 0 0 0 0 0.377187 0 0.272458 0 0 0 0 0 0 0 0 0 0 0 0 0 0 0.445128 0.769388 0.479138 0.248734 0 0 0 0 0 0 0 0 0 0 0 0 0 0 0 0 0 0 0 0 0 0 0 0 0 0 0 0 0 0 0 0 0 0 0 0 0 0 0 0 0 0 0 0 0 0 0 0 0 0 0 0 0 0 0 0 0 0 0 0 0 0 0 0 0 0 0 0 0 0 0 0 0 0 0 0 0 0 0 0 0 0 0 0 0 0 0 0 0 0 0 0 0 0 0 0 0 0 0 0 0 0 0 0 0 0 0 0 0 0 0 0 0 1.23236 0.950744 0.986609 0 0 1.46987 0.567461 1.58191 2.02974 0 0 0 0 0 0 0 0 0 0 0.59394 1.92223 0 0 0 0 0 0 0 0 0 0 0 0 0 0 0 0 0 0
AU28
 0 0 0 0 0 0 0 0 0 0 0 0 0 0 0 0 0 0 0 0 0 0 0 0 0 0 0 0 0 0 0 0 0 0 0 0 0 0 0 0 0 0 0 0 0 0 0 0 0 0 0 0 0 0 0 0 0 0 0 0 0 0 0 0 0 0 0 0 0 0 0 0 0 0 0 0 0 0 0 0 0 0 0 0 0 0 0 0 0 0 0 0 0 0 0 0 0 0 0 0 0 0 0 0 0 0 0 0 0 0 0 0 0 0 0 0 0 0 0 0 0 0 0 0 0 0 0 0 0 0 0 0 0 0 0 0 0 0 0 0 0 0 0 0 0 0 0 0 0 0 0 0 0 0 0 0 0 0 0 0 0 0 0 0 0 0 0 0 0 0 0 0 0 0 0 0 0 0 0 0 0 0 0 0 0 0 0 0 0 0 0 0
AU45
 1.02195 1.23501 0 0 0 0 0.728693 0.589082 0 0 0 0 0 0 0 0 0 0 0 0 0 0 0 0 0 0 0 0.317683 0.486561 0.590633 0.386364 0.807231 0.767017 0.508272 0.306681 0 0.585737 0.681567 0.485649 0.265374 0 0 0.631409 0.590651 0.291993 0.413219 0.168317 0.0324007 0.750009 0.618283 0.59476 0.561471 0.413888 0.278105 0.725377 0.707221 0.654737 0.728261 0.915687 0.761599 0.790756 0.878334 0.911588 0.982779 1.00967 0.951098 0.856499 0.639071 0.575354 0.722817 0.827555 0.772504 0.734936 0.783573 0.704926 0.748091 0.671679 0.756443 0.746352 0.870895 0.824948 0.979914 0.841153 0.913027 0.904514 0.813993 0.935349 1.03698 0.978007 0.897875 0.886569 0.784733 0.688576 0.776198 0.837668 0.92366 1.04506 1.13877 1.09723 0.894144 0.564434 0.580852 1.04952 0.74466 0.81639 0.927919 0.942761 0.966486 0.962005 0.943769 1.06571 1.08459 0.775464 1.13068 1.16033 0.681414 0.333825 0.10452 0 0 1.24438 1.33096 1.21688 1.06511 1.1334 0.957829 1.11505 0.989455 0.782716 0.63844 0.286486 0 1.22813 0.321115 0 0 0 0 1.16419 0.954085 0.545298 0.286776 0.620577 0.807034 1.08864 1.06211 1.14214 0.770551 1.05982 0.796038 1.14303 0.124405 0.279389 0.0661962 0 0.0832381 1.36229 1.28555 0.483662 0.164811 0.243855 0 0.54112 0 0 0 0 0 1.04315 1.17496 0.879405 0.855562 0 0 1.19949 0.840881 0.623179 0.535216 0.630694 0.863589 1.12734 0.978849 1.1635 0.996358 1.1492 0.986204 0.970723 0.999656 0.959485 1.07522 1.09351 0.982458
