timestamp
1275281.488 1275281.515 1275281.544 1275281.572 1275281.601 1275281.629 1275281.744 1275281.772 1275281.801 1275281.829 1275281.886 1275281.915 1275307.744 1275307.772 1275307.801 1275307.858 1275307.886 1275307.944 1275308.058 1275308.086 1275308.144 1275308.172 1275308.200 1275308.258 1275308.372 1275308.400 1275308.458 1275308.486 1275308.544 1275308.600 1275308.744 1275308.772 1275308.800 1275308.858 1275308.886 1275308.944 1275330.658 1275330.687 1275330.743 1275330.772 1275330.829 1275330.858 
AU01
 1.20667 1.76587 1.71369 2.10406 1.98929 1.58147 2.30487 2.80661 2.65478 2.39849 2.13456 2.30051 1.13584 1.7095 2.14525 3.82124 3.34886 1.21385 2.70669 3.07906 3.05156 3.72633 4.10158 3.83969 2.17568 1.81225 1.40196 0.786698 1.40505 2.79618 1.85206 2.00033 0 0 1.53568 1.54101 2.0944 2.52183 3.04949 2.23954 1.4332 1.98446
AU02
 0.120244 0 0 0 0.640217 0.175303 0.876689 0.480548 0.671079 0.553237 0.795366 0.645466 0.292347 0 0 0.0319613 0 0 0 0 0 0 0 0.132184 0 0 0 0 0 0.387326 0 0.595139 0 1.07933 0.430358 0.211228 0.950779 0.949841 1.68716 1.27197 0.791101 0
AU04
 1.37957 0 0 0 0 0 2.15888 0 0 0.97798 0.913736 1.09193 0 0 0 1.57199 0 0 0 0 0.673357 0 0.316426 1.30248 1.24823 1.93346 0.992386 0 0 0 0 3.17812 1.95494 0 1.35398 0.467085 0.910253 0.45681 0.18098 0 0 0
AU05
 0 0 0 0 0 0 1.72885 1.08609 1.2734 0 0 0 0.785995 0.391623 1.15684 0.294104 1.14487 1.49738 0.694843 0 0 0.570362 0 0 1.3764 0.974938 0 0.80321 0.130066 0.131937 1.18235 0 0 0 3.01986 2.60633 0 0 0 0 0 1.59989
AU06
 0 0 0 0 0 0 0 0 0 0 0 0 0 0 0 0 0 0 0 0 0 0 0 0 0 0 0 0 0 0 0 0 0 0 0 0 0 0 0 0 0 0
AU07
 0.953624 0 0 0.217541 0 0 0 2.68943 0 1.80774 1.22894 1.65456 0 0 0.131494 2.03556 1.62646 1.11896 0 1.80503 3.9341 2.90101 1.78967 1.55208 0 0 0.742559 0 0 0 0 0 0.504598 0 0 0 1.61337 1.64267 2.2822 1.14335 2.96789 0
AU09
 0 0 0.65465 0 0 0 0.939905 0 0 0 0 0 0 0 0 0 0 0 0 0 0 0 0 0 0 0 0 0 0 0 0 0 0 0 0.317793 0 0.832314 1.71343 1.72775 0 0 0
AU10
 0.948138 1.04237 1.64177 1.8543 1.69304 1.46917 0.68269 0.203291 0.222724 0.892343 0.885141 1.04976 0 0 0.683598 0 0.79186 0.700547 0.544666 0.742117 1.35947 1.84356 0.80234 1.55389 0 0 0 0 0 0 0.106152 0 0 0 1.38781 0 0 0 0 0 0 0
AU12
 0 0 0 0 1.65346 0 0 0 0 0 0 0 0 0 0 0 0 1.61441 0 0 0 0 0 0 0 0 0 0 0 0 0 0 0 0 0 0 0 0 0 0 0 0
AU14
 0 0 0 0 0 0 0 0 0 0 0 0 0 0 0 0 0 0 0 0 0 0 0 0 0 0 0 0 0 0 0 0 0 2.43215 2.14737 1.52724 0 0.597665 0.743766 0 0 0
AU15
 0 0.363676 0.284841 0.220194 0.237535 0.291145 0 0 0 0 0 0 0 0 0 0.585474 0.475717 0.784568 0 0 0.0030658 0.117639 0.568967 0.400625 0 0 0 0 0 0 0 0 0 0.381413 0.262839 0.182135 0 0.201354 0.367263 0.848899 0.181631 0
AU17
 0 0 0 0 0 0 0 0 0 0 0 0 0 0 0 0 0.817436 1.39575 0 0 0.788684 0 0 0 0 0 0 0 0 0 0 0 0 0 0 0 0 0 0 0 0 0
AU20
 2.15792 1.98374 2.0226 1.4909 0.620649 0.838905 2.10643 2.39955 1.73539 1.55283 1.42701 1.66493 0 0 0 0 0 1.03273 1.25006 0.771675 0 0 0 0 1.05359 1.19776 0.783297 1.3954 1.34627 2.04065 0 0 0.831043 0.942123 0.862395 1.07736 1.35434 0.929669 2.17761 2.95828 1.66132 1.32736
AU23
 0.847893 0.68708 1.11288 1.06585 1.18666 0.74326 0.502743 0.604134 0.918947 0.744979 0.907258 0.734495 0.815049 0.997573 0.879869 0 0 0 1.00828 1.23997 0.729066 0.280044 0 0 0.717973 1.0299 1.12689 0.771481 0.591194 0.674654 1.17098 0.981859 1.16162 0 0 0 1.56358 1.93912 1.54745 1.7964 0.59897 0.336304
AU25
 0.756471 0.385836 0.610697 0.448209 0.258626 0.010878 0.720691 0.77948 0.386189 0 0 0 0.574824 0.335943 0.219581 0 0.736282 0.0134041 0.101792 0 0 0 0 0 0.325665 0.446591 0.769881 0.561983 0.669846 0.360339 0.372814 0 0.246591 0.401304 0.234654 0.325975 0.750075 0.815373 0.782326 0.83833 0.194213 0
AU26
 0 0 0 0 0 0 0 0 0 0 0 0 0 0 0 0 0 0 0 0 0 0 0 0 0 0 0 0 0 0 0 0 0 0 0 0 0 0 0 0 0 0
AU28
 0 0 0 0 0 0 0 0 0 0 0 0 0 0 0 0 0 0 0 0 0 0 0 0 0 0 0 0 0 0 0 0 0 0 0 0 0 0 0 0 0 0
AU45
 0.622389 1.12715 0 0 0 0 0 0 0 0 0 0 0 0 0 0 0 0 0 0 0 0 0 0 0 0 0 0 0 0 0 0 0.592803 0 0 0 0 0 0 0 0 0
