timestamp
762728.647 762728.676 762728.734 762728.762 762728.790 762728.820 762728.933 762728.962 762728.990 762729.019 762729.048 762729.076 762729.190 762729.220 762729.248 762729.276 762729.305 762729.362 762729.447 762729.476 762729.505 762729.562 762729.590 762729.624 762729.705 762729.762 762729.790 762729.821 762729.848 762729.876 762729.990 762730.020 762730.048 762730.076 762730.105 762730.162 762730.248 762730.276 762730.305 762730.362 762730.390 762730.421 762746.390 762746.419 762746.448 762746.505 762746.533 762746.562 762747.248 762747.305 762747.333 762747.362 762747.390 762747.419 762747.533 762747.562 762747.590 762747.619 762747.648 762747.705 762747.790 762747.819 762747.848 762747.876 762747.933 762747.963 762748.048 762748.076 762748.133 762748.162 762748.190 762748.219 762748.333 762748.362 762748.390 762748.419 762748.448 762748.476 762748.590 762748.619 762748.648 762748.676 762748.733 762748.762 762748.848 762748.876 762748.933 762748.962 762748.990 762749.019 762749.133 762749.163 762749.190 762749.219 762749.248 762749.276 762754.619 762754.647 762754.676 762754.733 762754.790 762754.819 762754.933 762754.990 762755.019 762755.047 762755.076 762755.133 762755.248 762755.277 762755.333 762755.390 762755.419 762755.447 762755.590 762755.619 762755.647 762755.676 762755.733 762755.790 762755.876 762755.933 762755.990 762756.019 762756.047 762756.076 762756.219 762756.247 762756.276 762756.333 762756.390 762756.419 762756.533 762756.590 762756.619 762756.648 762756.676 762756.733 762756.847 762756.877 762756.933 762756.965 762757.019 762757.047 
AU01
 1.91432 1.63159 0 0 0 0.71373 0.263336 0 0.267624 1.84342 1.82688 1.26597 0.414736 0 0 0 0 0 0 0.82208 1.03624 1.00051 0 1.69334 0 0.646694 0.49833 0.66941 0.600565 1.57941 0 0 1.05887 0.744839 0 0 0 0 0.29808 0.11351 0.89315 1.71563 0 2.56824 0.935558 0 0.177366 0.332259 0 0 0 0 0 0 0.260343 0.232379 0.212163 0.234043 0.402572 0.563071 0.263943 0 0 0.771171 1.80634 2.11491 0 0 0.299025 0 0.884402 1.76697 1.62228 1.26164 0.338689 0.739729 3.15679 2.42045 0 0.969216 0 0 0 0.518922 0 0.406351 0.773317 0.162566 0.0762177 0 0.757429 0 1.39793 1.95156 2.61272 2.05085 0.728477 0 0 0 1.50511 0 1.28461 1.25368 1.49529 0 0 0 0 0 0.919644 1.43768 1.22299 1.44708 0.69188 0.682946 0.894846 0.163035 1.80289 0.479922 0 0.809148 1.06471 0.085505 0 2.5 0.184235 0.3931 0.211794 0.834725 2.05351 1.75698 0 0 0.647892 0.733369 0.115496 0.475624 0.445013 0.344147 0.291209 0 0.63378 0.930941
AU02
 0 0 0 0 0 0 0 0 0 0 0 0 0 0 0 0 0 0 0 0 0 0 0 0 0 0 0 0.44694 0 0 0 0 0 0 0.297772 0.262387 0 0 0 0 0.223089 0.216502 0.252723 0.50326 0 0 0 0 0 0 0 0 0 0 0 0 0 0 0 0 0 0 0.0121988 0 0 0 0 0 0.583996 0.464379 0.686446 0 0 0 0 0.385613 0.99795 0.284058 0 0 0 0 0 0.612698 0 0 0 0 0 0 0 0 0.437747 0 1.20088 0.795923 0 0 0 0 0 0 0 0 0 0 0 0 0 0 0 0 0 0 0 0 0 0 0 0.0875952 0 0 0 0 0 0 0 0 0 0 0.503979 0 0 0 0 0 0.25335 0 0 0 0 0 0.426757 0.459942
AU04
 0 0 0 0 0 0 0 0 0 0 0 0 0 0 0 0 0 0 0 0.515462 0.974163 1.61068 0.124169 0 0 0.815254 1.23928 0 0 2.31698 0 0.0164275 0 0 0 0 0.302417 0 0.1252 0.900346 0 0 0.382725 0 0 0 0 0 0 0 0 0 0 0 0 0 0 0 0 0 0 0 0 0 0 0 0 0.142995 0 0 0 0 0.877558 0.818353 1.51898 0.596659 0.896489 0 0 0 0.651204 0 0 0 0 0.0707946 0 0.46569 1.37346 0.533677 0.559059 0.920517 0.860644 0.247028 0.012441 0 0 0 0 0 0 0 0 0 0 0 0 0 0 0 0 0 0 0 0 0 0 0 0 0 0 0.972484 0.979123 0.281636 0 1.67449 0 0.39391 0.56073 1.32794 1.39618 0 0 0.278321 0 0.0886387 0.0351668 1.15506 0.456383 0 0 0 0 0
AU05
 0 0 0 0.306127 0.986604 0 0 1.27449 0.55167 0 0 0 0 0 0 0 0 0 0 0 0 0 0 0 0 0 0 1.34688 0 0 0.00876132 0 0 1.5713 0 0 0 0 0 1.65151 1.43283 0.870561 0 0 0 0 0 0 0 0 0 0 0 0 0 0 0 0 0 0 0 0 1.75655 0 0 0 0 0.357229 0.52677 0 0 0 0 0 0 0 0 0 0 0 0 0 0 0.249792 0 0 0 0 2.15104 2.23165 0 0 0 0 0 0 0 0 0.451371 2.29981 1.54424 1.76349 0.943693 0.746438 0.970328 0.35936 0.698832 1.60091 0 1.08182 0.256563 0 0 0 0 0 1.24634 1.15425 0 0 0 0 0 0 0 0 0 0 0 0.636661 0 0.759672 0 0 0 0 1.6988 2.18188 0 0 0 0 1.29238 0.225369
AU06
 1.81609 1.70969 1.57761 1.47137 0.634522 0.81537 0.11113 0 1.27564 1.86246 1.79803 0.913462 0.697704 1.19839 0.461601 0.712402 1.19497 1.30184 0.97159 1.1902 0.686059 0 0.705506 0.93445 0.53126 0.45746 0.872971 1.30059 1.15045 1.00272 0.846914 1.09117 0.78329 1.78681 2.12535 1.42187 0.0984362 0.325669 0.744736 0.962679 1.20753 1.10993 0.439426 0.571729 1.67778 0.388057 0 0 0.84231 0.741464 0.938332 0.769343 0.633264 0.770759 0.73572 0.738244 0.672759 0.509656 0.303996 0 0.528186 0 1.02011 1.4181 1.93419 0.297258 0 0 0 1.46839 1.89955 1.75516 0.00534674 0.301101 0 0.326382 0.633413 0 0.591269 0.818053 0.846574 1.33356 1.06277 1.22003 0.670582 0.662285 0.55643 0.523593 1.31256 1.27416 0.761379 0 1.28021 1.25035 1.4479 1.48862 0 0 0 0 0 0 0 0 0 0 0 0 0 0 1.77603 1.98315 1.43088 1.07489 0.373303 0 0 0 2.01087 1.54828 0.812712 0.896626 0.516492 0 1.01908 1.18949 0.869836 0.890491 0.896078 1.63118 0 0 0 0.445546 1.20783 1.13316 1.28199 1.54963 0.184327 0.822701 1.56431 1.36106 1.55766 1.18812
AU07
 0 0.885866 0.44507 0.213602 0 0 0.0108559 0 0.901777 1.18965 0.576109 0 0.871107 0.390185 0 0 0.510633 0 0.994387 1.05614 0 0 1.2888 2.74868 0 0 0 3.89778 3.40099 0 0.695023 1.03166 0 1.51562 1.69152 2.45156 1.62227 0 0 1.50085 2.64943 1.85942 0 0 0 0 0 0 0 0 0 0 0 0 0 0 0 0 0 0 0 0 0 2.03791 0.860707 0 0 0 0 0 0 0 1.54313 0 0 1.28554 0 0 0 0 0 1.42546 2.39366 3.29665 0 0 0 0 0 0 0 0 3.34374 3.5019 0.618936 0.145888 2.4379 1.47192 0.427841 0 0 0 0 0 0 0 0 0.149238 0 0.169679 0.445813 1.70752 0.384484 0.47702 0 0 0 0 1.65798 0.122329 0.830539 3.0937 0 0 1.50789 0.127093 0.468449 0 2.56016 1.74087 0 0 0.843221 0.811403 0 0 3.64312 1.79353 0 0 0 3.38671 3.9491 2.11584
AU09
 0 0 0 0 0.384102 0.576875 0 0 0 0 0 0 0.777435 0.451423 0.794335 0.728865 0 0 0.772917 0.631479 0 0 0 0 0 0 0 0 0.366917 0 0.689211 0.898963 0 0 0 0 0 0 0 0 0.454743 1.11356 0 0 0 0 0 0 0 0 0 0 0 0.417415 0 0 0 0 0 0 0 0 0 0 0 0 0 0 0 0 0 0 0 0 0.57118 0.259439 0 0 0 0 0 0 0 0 0 0 0 0 0 0 0 0 0 0 0 0 0.45589 0.20442 0 0 0 0 0 0 0 0 0 0 0 0 0 0 0 0 0 0 0 0 0.948002 0 0 0 0 0 0 0 0 0 1.15983 0 0 0 0 0 0 0 0.972019 0 0 0 0 0 0 0
AU10
 0 0 0 0 0 0 0 0 0 0 1.29457 0.808171 0 0 0 0 0 0 0 0 0 0 0 0 0 0 0 0 0 0 0 0 0 0 0 0 0.717115 1.6152 1.39771 0.787925 0.78748 1.83577 0.237446 0 0.218794 0 0 0 0 0 0 0 0 0.306006 0 0 0 0.100179 0 0 0 0 0 0 0 0 0 0 0 1.10777 0 0.953517 0 0 0 0 0 0 0 0 0 0 0 0 0 0 0 0 1.35132 0 0 0 0 0 0 0 0 0 0 0.569195 0.301084 0.682009 0.238009 0.523051 0.305662 0.223156 0.106733 0 0 0.142184 0 0 0 0 0 0 0 0.792655 0 1.76449 0 0 0 0 0 0.675223 0 0.565326 0 0 0 0 0 0 0 0 0 0 0 0 1.44939 1.00002 0.573519 0.466711
AU12
 0 0 0 0 0 0 0 0 0 0 1.19153 1.95517 0 0 0 0 0 0 0 0 0 0 0.712104 0.673927 0 0 0.133436 0.603221 0.596961 0.431517 0 0 0 0 0 0 0 0 0 0 0.408581 0 1.66142 0 1.3406 0.00696956 0 0.228319 0 0 0 0 0 0 0 0 0 0.410363 0.314493 0.011982 0 0 0 0 0.840079 1.24365 0 0 0 1.13274 1.04902 1.35118 0 0 0 0 0 0 0 0 0.218801 0.680183 0.752358 0.831572 0 0.407096 0 0.207295 0.891165 0 0 0.135694 0 0.6515 0.891475 0.70376 0 0 0 0 0 0 0 0 0 0 0 0 0 0 0 0 0 1.62832 0 0 0 0 0 0 0 0 0 0 0.86721 1.17168 0 0 0.157216 0 0 0 0 0 0 0 0.568014 0 0 0 0 0 0.290907 0.583017
AU14
 0 0 0 0 0 0 0 0 0 0 0 0 0 0 0 0 0 0 0 0 0 0 0 0 0 0 0 0 0.174656 0.061749 0 0 0 0 0 0 0 0 0 0.181965 0 0 0.44763 0 0.962003 0 0 0 0 0 0 0 0 0 0 0 0 0 0 0 0 0 0 0 0 0 0 0 0 0 0 0 0 0.521881 0.844377 0.934862 0.356469 0.531587 0 0 0 0 0.572424 0.106623 0 0 0 0.010539 1.16029 0.132777 0 0 0 1.34078 1.25427 0.759467 0 0 0 0.74061 0 0 0 0 0 0.663448 0.880534 0 0 0 0 0 0 0 0 0 0 0 0 0 0 0 0 0 0.679627 0.833827 0 0 0 0 1.16136 1.23643 0 0 0 0.342165 0.100608 0 0 0 0 0 0 0
AU15
 0 0 0 0 0 0.343638 0 0.586261 0 0.959617 1.74548 1.26308 0 0.780197 0 0 0.920091 0.977155 0 0 0 0.892245 0 0 0 1.22968 0.261715 0 0 0.23934 0 0.681038 0 0 0 0 0 0 0 0 0.647616 0.191243 0.174979 0 1.1092 0 0 0 0 0 0 0 0 0.628682 0 0 0 0 0.574014 0.820135 0 0.560433 0 0 0.470131 0.950303 0 0 0 0 0 0 0 1.50656 1.68466 0.373641 0.669953 1.6193 0 0 0 0 0 0 0 0 1.17678 0 0 0 0 0 0 0 0 0.413559 0.663514 0.829741 0.984849 1.09036 1.09372 1.31535 1.0581 0.863078 1.05323 0.833669 1.10472 1.34668 1.09051 1.13193 0 0 1.47919 1.18099 0.353074 0.621918 0 0 0 0 0 0 0.892285 0 0 0.435333 0 0 0 0 0.674626 0.973141 0 0 0 0.866242 0 0.390925 0 0 0.497159 0.689009 0.631992 0.102039
AU17
 0 0 0.751525 0 0 0 0.529597 0.775387 0.743221 1.15883 1.58634 1.84196 1.00216 0.514611 0.540073 0.0198139 1.71853 1.96732 0.713467 0 0 0.612506 0 0 1.35491 0 0 0 0 0 0.525809 0.87791 0 0 0 0 0.396505 1.81493 1.04524 0 1.75194 1.93714 1.09266 0 1.79991 0.333823 0 1.50315 0 0 0 0 0 0.560525 0 0 0.740033 0.579527 0.296153 1.10896 1.12832 1.25018 1.19567 0 1.29329 1.64822 1.67269 1.23053 1.02596 1.41715 1.88003 2.14667 1.43203 0.886008 0 0 0 0 0.557953 0 0.838156 0.889556 0 0 0.928179 0.72887 1.07588 0.877843 1.07718 1.33525 0.954651 0 0.858961 0 0 0 0 0 0.535953 0.959627 1.44119 1.97362 0 0 0.740176 0.951002 0.486737 1.18738 0.9903 1.3669 1.43192 2.06364 0.873206 2.29827 0.482316 1.35337 1.07206 0.527297 0.517297 1.46497 0.326922 1.10796 0 0 0 0 1.12476 0.588387 0 0 0 0 0.677766 1.33135 0.367539 1.29089 0 0 0.367524 0.683267 1.16089 1.6281 1.77585 2.19347
AU20
 1.5503 1.60599 1.26951 0.603145 0 0 1.52044 0 0 0.045817 0 0 1.2579 0 0 0 0 0 0.432103 0.526049 0.192596 0 1.43321 1.85924 0.93672 0.23463 0.560429 2.3842 2.28285 1.98214 0.236143 0.280437 1.54039 2.5479 1.37845 1.28461 1.38828 1.85645 1.70225 0.923737 1.16047 0.309789 1.53437 0 1.57627 1.42624 0 0 1.10774 1.07647 1.27281 1.01973 1.16679 1.23858 1.31267 1.3942 1.25364 0.674029 0.90127 0.814046 1.36746 0.670613 1.02773 0.564479 0.784925 0 0.903913 0 0 0 0.248416 0.169491 0.91306 0.877031 0 0.546875 0.993548 0.370234 1.10659 1.39686 0 1.3095 2.59464 2.31494 0.756387 0.534612 1.11101 0.862501 0 0 1.17808 0.827616 0 0.700085 0.890166 1.19417 1.87297 2.15999 2.26484 2.37867 2.48019 1.85354 1.53596 1.48056 1.14705 1.2543 1.18909 1.3534 1.40474 1.15685 0.560481 0.726468 0 0 1.91173 0.489835 0 0 0.976335 0 1.24012 0.636599 0 0.114947 1.58012 1.31374 1.83687 2.06777 0.228483 2.8065 2.35517 2.07226 0.499881 1.71249 0.840328 0.422516 2.03082 2.67596 1.14253 1.35294 1.40939 1.07845 1.45575 0
AU23
 0 0.435105 0.88923 0.81829 0.587548 0 0.366583 0.720834 0 0 0.263186 0 0.239613 0 0 0 0 0.745836 0.594329 0.31204 0 0 0.584289 0.549545 0.706229 0 0 0.332379 0 0.8732 0.41884 0 0.199803 0.474944 0 0 0.120123 1.09827 0.648094 0.770214 0.286414 0.285661 0.539977 0 0.86297 0 0 0 0 0 0 0 0 0 0.258556 0 0.184521 0 0.268758 0.396218 0.583954 0 0.415825 0 0.115785 0.130716 0.417257 0.487247 0.297698 0.47443 0.129881 0.167966 0.242798 0.558214 0 0 0.234833 0 0.774507 0 0 0.509197 0.974871 0.695114 0.860521 0.520027 0.519869 0 0.5847 0 0.361976 0 0 0.880922 1.62978 0.252988 0 0.182299 0.403814 0.936668 1.50949 1.09864 0.299299 0.560828 0.360162 0.422319 0.503002 0.709353 0.171151 0.302494 0 0 0 0 0 0.317004 0.334326 0 0 0 0.631206 0.259337 0 0.205968 0.867789 0.753414 0.484268 0 0.402174 0 0.522566 0.272973 0.538608 0.578891 0 0.306017 0.326443 0.470389 0 0 0.254209 0.302968 0.72558 0.473849
AU25
 0 0 0 0 0 0.0966374 0 0 0 0 0 0.225534 0 0 0 0 0 0 0 0 0 0 0.561545 1.36093 0 0 0 0.937592 0.581382 1.26123 0 0 0 0 0 0 0 0 0 0 0.0710941 0 0 0.195449 0.476159 0.0457717 0.12542 0 0 0 0 0 0.0161044 0.0716126 0 0 0 0 0.00458387 0.0598655 0 0 0 0 0 0 0 0 0 0 0 0 0 0 0 0 0.517084 1.38144 0 0 0 0 0.600647 0.691197 0 0 0 0 0 0.203654 0 0 0.641501 0.393236 0.377113 1.29237 0.4491 0.455845 0 0.327663 0.19361 0 0.44717 0 0 0 0.608726 0.373078 0.152114 0 0 0 0 0 0 0 0 0 0 0 0 0 0 0 0.750928 1.55953 0 0 0 0.772058 0.960618 0.951508 0 0 0 0 0.550832 0.737733 0 0 0 0 0.0177782 0.0719836
AU26
 0 0 0 0 0 0 0 0 0 0 0 0 0 0 0 0 0 0 0 0 0 0 0 0 0 0 0 0 0 0 0 0 0 0 0 0 0 0 0 0 0 0 0 0 0 0 0 0 0 0 0 0 0 0 0 0 0 0 0 0 0 0 0 0 0 0 0 0 0 0 0 0 0 0 0 0 0 0.306696 0 0 0 0 0 0 0 0 0 0 0 0 0 0 0 0 0 1.62649 0 0 0 0 0 0 0 0 0 0 0 0 0 0 0 0 0 0 0 0 0 0 0 0 0 0 0 0 0 0 0 0 0 0 0 0 0 0 0 0 0 0 0 0 0 0 0 0
AU28
 0 0 0 0 0 0 0 0 0 0 0 0 0 0 0 0 0 0 0 0 0 0 0 0 0 0 0 0 0 0 0 0 0 0 0 0 0 0 0 0 0 0 0 0 0 0 0 0 0 0 0 0 0 0 0 0 0 0 0 0 0 0 0 0 0 0 0 0 0 0 0 0 0 0 0 0 0 0 0 0 0 0 0 0 0 0 0 0 0 0 0 0 0 0 0 0 0 0 0 0 0 0 0 0 0 0 0 0 0 0 0 0 0 0 0 0 0 0 0 0 0 0 0 0 0 0 0 0 0 0 0 0 0 0 0 0 0 0 0 0 0 0 0 0
AU45
 0.299737 0.48647 0.896592 1.17037 0.449338 0.378087 1.42663 0.45941 0 0 0 0 0.790223 0.215262 0 0 0 0 0.627496 0.695929 0.245849 0.153942 0 0 1.11688 0.129558 0 0 0 0 0.838204 0.436445 0.217427 0 0 0 0.836677 0.578338 0 0 0 0 0 0 0 0.109044 0 0 0.361356 0.353634 0.425678 0.47747 0.566619 0.776415 0.723915 0.809777 0.788801 1.09465 0.989083 1.07487 0.540605 1.21284 0 0 0 0 0.986736 0.274935 0 0 0 0 0.678516 0 0 0 0 0 0.934901 0.640739 0 0 0.626174 0 1.01612 1.05308 0.356359 0.000228182 0 0 0.643153 0 0 0 0 0 1.10858 1.25915 1.38989 1.14199 0.835978 0.653844 0.753173 0.770348 0.792208 0.751553 0.794349 0.569784 0.919695 0.449662 0 0 0 0 0.941925 0.812012 0 0 0 0 0.630434 0.78232 0.522458 0.390482 0 1.0172 0.859114 0.333905 0 0 0 0 1.21411 1.20677 0 0 0 0 0.923243 0 0 0 0 0
