timestamp
1275066.715 1275066.743 1275066.772 1275066.800 1275066.858 1275066.917 1275088.115 1275088.144 1275088.176 1275088.200 1275088.258 1275088.315 1275088.400 1275088.459 1275088.515 1275088.544 1275088.572 1275088.600 1275088.744 1275088.773 1275088.800 1275088.859 1275088.915 1275088.944 1275089.058 1275089.115 1275089.144 1275089.172 1275089.200 1275089.258 1275089.372 1275089.400 1275089.458 1275089.486 1275089.543 1275089.572 1275089.686 1275089.744 1275089.802 1275089.830 1275089.858 1275089.886 1275090.000 1275090.058 1275090.086 1275090.144 1275090.186 1275090.217 1275101.915 1275101.943 1275101.972 1275102.029 1275102.058 1275102.087 1275107.115 1275107.143 1275107.172 1275107.229 1275107.287 1275107.315 1275107.430 1275107.487 1275107.532 1275107.562 1275107.601 1275107.629 1275107.743 1275107.772 1275107.829 1275107.857 1275107.915 1275107.943 1275108.058 1275108.115 1275108.143 1275108.172 1275108.229 1275108.258 1275108.372 1275108.429 1275108.458 1275108.515 1275108.543 1275108.572 1275108.715 1275108.743 1275108.772 1275108.829 1275108.858 1275108.915 1275109.029 1275109.057 1275109.115 1275109.143 1275109.172 1275109.229 1275109.343 1275109.372 1275109.429 1275109.458 1275109.515 1275109.543 1275109.658 1275109.715 1275109.743 1275109.772 1275109.829 1275109.858 1275109.972 1275110.029 1275110.058 1275110.115 1275110.144 1275110.172 1275110.943 1275110.972 1275111.029 1275111.058 1275111.087 1275111.143 1275113.172 1275113.229 1275113.257 1275113.286 1275113.343 1275113.372 1275116.045 1275116.073 1275116.090 1275116.116 1275116.172 1275116.229 1275116.315 1275116.372 1275116.429 1275116.458 1275116.487 1275116.515 1275116.972 1275117.029 1275117.058 1275117.088 1275117.115 1275117.172 1275117.286 1275117.315 1275117.343 1275117.400 1275117.430 1275117.458 
AU01
 1.36756 1.16344 0 2.07552 2.57579 2.82361 2.11345 2.29016 2.57057 1.71781 1.59298 1.75001 2.17017 2.02663 1.5902 0 0 0 2.66833 3.66332 3.45802 0.560138 0 0 3.25287 0 2.42851 2.80561 0 1.88321 0 2.18805 2.00761 1.97646 2.12118 2.12527 1.93403 2.11156 3.07525 2.0294 1.47506 2.03987 2.72266 2.14698 1.5381 2.26699 2.92574 2.00677 0.0823127 0 0.0185487 0 0 0 1.4954 2.45506 1.47118 4.28352 3.62 2.39111 0 0 2.27069 1.83649 3.303 2.53826 1.52728 1.50203 1.5201 2.7077 3.5328 2.72671 1.98335 2.2268 2.60759 2.57217 2.14135 2.78761 1.30203 1.65543 1.98806 2.42874 3.50071 2.10623 2.50647 2.05731 3.27602 2.08665 1.78908 1.51542 1.37727 1.60795 2.71678 3.58036 3.0773 2.9924 2.33763 0 2.77942 2.3167 2.89911 2.73905 2.02642 1.85768 3.41752 3.44355 3.32334 3.1021 2.15895 2.47629 2.89923 2.67589 3.15357 3.06094 2.30052 2.86262 1.93968 0.591205 1.69724 1.59268 1.00221 0 2.41829 3.04418 2.69803 1.76152 1.3881 2.08852 0 2.31022 0 2.53024 1.61779 1.72343 2.11069 2.53595 1.96566 2.54446 2.55755 1.54595 2.75366 2.62357 1.95558 3.13937 2.77472 2.84584 2.51555 2.40879 2.08447 2.46688
AU02
 0.270421 0.445276 0.443237 0.709376 0.627556 0.768711 0 0 0 0 0 0 0 0 0 0 0 0 0 0 0 0 0 0 0.485145 0 0.250629 1.17321 0.204756 0.648131 0 0.152396 0.201679 0 0 0 0 0 0.253709 0.218021 0.556364 1.20289 0 0 0 0 0 0 0 0 0 0 0 0 0.347868 0.0627911 0.147599 0.115912 0 0 0.212571 0.0106029 0 0 0.00565744 0 0.694047 0.103696 0 0 0.281067 0.203238 0.264029 0 0.130193 0.105962 0 0 0.592726 0.257047 0.467327 0.36477 0 0 0.0720522 0 0 0.97837 0.693904 0.531506 0 0 0 0.333171 1.38211 1.31261 0.13798 0 0.103611 0 0 0 0.115165 0 0.0252843 0.0232817 0.440471 0.419025 0 0 0.0948506 0 0.601035 0.893945 0 0 0 0 0 0 0 0 0 0 0 0 0.0547833 0.456042 0.361108 0.667176 0 0.362658 0 0 0 0 0 0 0 0 0 0 0 0 0 0 0 0 0 0
AU04
 0 0 0 0 0 0 1.42572 0.0834011 0.868312 0 0.554742 0 0 0 0.116599 0 0 0 1.57181 0 0.642467 0.499758 0.204112 0.696818 2.18305 2.59141 0 1.45949 0.705144 0 0 0 0 1.04741 0 0 0 2.03282 0.944474 0 2.14507 0 1.962 0 0 0 0 0 0 1.07526 0.386289 1.17386 0.16127 0.471458 0 0 0 0 0 0 0 0 0 0 0 0 0 0 0 0 0 0 0 0 0 2.20146 1.5532 0.302114 0 0 0 0 2.26333 2.97656 0 2.21203 1.88692 2.83717 2.23794 1.60687 0 1.31128 2.29495 0.445544 0 1.26473 0 0 0 0 0 0 0 0.999795 0.682077 0.268574 0 0 1.37672 0 0.917801 0.932147 0.596905 0.359136 0.607681 0.40214 0.0911269 0 0 0 2.69292 2.24656 1.75371 0.449787 1.04756 0 2.47834 0 0 1.09677 0 0 2.49688 3.12955 2.42787 2.40044 2.12589 2.43682 2.39409 1.83211 1.91294 1.22081 0.485567 1.5874 1.16648 0 0 0 0 0.548195
AU05
 0.318672 0 0 0 0 0.29962 0 0 0.337344 2.48463 2.11549 0.823367 0.697149 0 1.57775 0 0 0 0.0408151 0 0 1.29007 0 0 0.0239377 0 0 0 0 0 0 0 0 0 0 0 0 0 0 0.944576 0 3.03958 0 0.366841 1.74265 2.81134 2.5155 1.39429 0 0 0 2.03333 0 1.09281 0 0 0 0 0 0 0 0 1.3942 0 0 0 0 0.768894 1.21467 1.32414 1.43461 1.56429 0 0.0135429 1.36284 0.63839 0 0 0 0 0 0 0.0824034 0 0 0 0 0 0 0 0 0 0 0 0 0 0 0.59265 0.818278 0.6958 0.363484 2.42559 0 0 0 0 0 0 0 0.564669 0 0 3.7832 2.74112 0 0 0 0.920231 1.49154 1.36078 0 0 0 0 0 0 0 0 0 0 0.178209 0 0 0 0 0 0 0 0 0 0 0 0 0 0 0 1.98865 0 2.23994 1.54477
AU06
 0 0 0 0 0 0 0 0 0.485126 0 0 0 0 0 0 0 0 0 0 0 0 0 0 0.836862 0 0 0 0 0 0 0 0 0 0 0 0 0 0 0 0 0 0 0.703306 1.01034 0.770196 1.21036 1.07039 0.707948 0 0 0.887595 1.12844 0.61867 0 0 0 0 0 0 0 0 0 0 0 0 1.19812 0 0 0 0 0 0 0 0 0 0 1.08964 0 0 0 0 0 0 0 0 0 0 0 0 0 0 0 0 0 0 0 0 0 0 0 0 0 0 0 0 0 0 0 0 0 0 0 0 0 0.254711 0.531932 0.64949 0.874647 0.989499 0.892503 0 0 0 0.318323 0.517961 0 0 0 0 0 0 0 0 0 0 0 0 0 0.863782 0 0 0 0 0 0 0.788896 0.905544 0.847513 0 0
AU07
 2.6517 2.07647 2.33677 0 0 0 2.62251 1.86713 3.67893 2.14029 0 0 0 0.910167 0.411932 2.07066 2.7591 0 0 0 0.862512 1.21785 2.91692 3.10636 0 1.05296 0.288691 0 0 0 0 0.212857 0 0 0 0 0.142405 0 0 0 0.0669983 0 3.19854 2.94724 0 2.66377 1.36556 0.753976 0 1.47917 1.18933 2.30287 1.93402 0 0 0 0 0.323997 2.71554 2.07497 0 0 0 0 0 1.14083 0 0 0 0 0 0 0 0 0 0 1.61971 0 0 0 0 0 1.48316 1.76103 0 1.16091 1.58195 0 0 0 0 1.59839 1.41374 0 0 0 0 0 0 0.254754 0.628653 0 0 1.51018 1.11231 1.60847 0 0 2.79416 0 0 0 0 0.369349 1.42342 2.89226 2.52533 2.34179 1.21425 1.91307 2.39216 1.79994 2.23837 1.83963 0.531753 0 2.86007 2.17393 0.475157 0.707204 0 0.218395 2.77001 2.61077 3.40248 2.92795 1.83825 1.14596 4.0021 2.83951 2.84982 2.90354 2.15816 2.65223 2.46231 0 0.347247 0.93754 0 0
AU09
 0 0 0 0.550233 0.740231 0 0 0 0 0.680218 0 0.0846339 0 0 0 0 0.717098 0.895475 0 0 0.523421 0 0 0 0 0 0 0 0 0 0 0.960032 0 0.713859 1.00011 0.910167 0 0 0 0 0 0 1.0835 0 0 0 0 0 0 0 0 0 0 0 0 0 0 0 0 0 0.372161 0 0.725497 0.996049 0.897835 0.648654 0 0 0 0.544332 0.598215 0 0 0 0 0 0 0.511806 0.60942 0.8888 1.31549 0.89557 1.28033 1.35148 0 0 0 0 0 0 0 0 0 0 0 0 0 0.614974 0.570954 0 0 0 0 0 0 0 0 0 0 0 0 0 0 0 0 0.771587 0 0 0 0 0.284452 0 0 0 0 0 0 0 0 0 0 0.734469 0.618191 0.65539 0.555082 0 0 0 1.55641 1.67427 0.769143 0 0 0 0 0 0 0 0 0
AU10
 0.90017 0.582788 0.757433 0.892792 1.26531 0.711344 1.71727 2.06099 0 0.870208 0.857597 0.815555 0.911367 0.820523 0 1.09077 0.577861 0.738912 1.00801 1.70238 1.50879 0.501392 0 0 0 0 0 0.274843 0 0 1.03723 0.75745 0.722324 0.230732 0 0.144262 0 0 0.0108444 0 0 0 1.62484 1.53214 1.75038 1.59828 1.22297 0 0 0 0 0 0 0 0.578954 0.964598 0.52249 0.371298 0.501509 1.0951 0.993595 1.15764 0 1.31478 1.23638 1.62486 0 0.171817 0.849807 1.05972 0.667635 0 0 0 0.443595 0.850089 1.18339 0.835908 0.223159 0.528637 0.495903 0 0.922085 0.905803 0.622216 1.12362 0.00283364 0.582453 0.927022 1.01841 0.556792 1.36867 0.632855 0.979516 0 0 1.13505 1.08287 1.46151 1.3817 2.35963 1.81419 0.96082 1.25238 1.84868 1.48594 1.24231 1.90928 1.77142 1.76131 0.934962 1.36514 1.29406 1.47525 1.49219 2.14626 2.65903 3.03532 1.81769 2.14602 0 0.398587 0 0 0 0 0.260469 0 0 0.267143 0.968966 1.05584 0.297174 0 0.461893 0 1.09655 0 1.23569 1.33142 0.966605 1.38501 1.58987 1.01561 1.4969 2.96244 2.73115 2.74602 2.63183 2.59856
AU12
 1.23056 1.24206 1.13723 1.24958 0 0 0 0 0 0 0 0 0 0 1.81678 0.916394 0 0 0 0 0 1.94706 1.80014 1.63331 0 0.911308 1.10709 1.02974 0 0 0 0 0 0 0 0 0 0 0 1.13115 1.77628 0 0 0 0 0 0 0 0 0 0 0 0 0 0 0 0 0 0 0 0 0 0 0 0 0 0 0 0 0 0 0 0 0 0 0 0 0 0 0 0 0 0 0 0 0 0 1.20348 1.6923 1.58545 0 0 0 0 0.906227 0.932619 0 0 0 0 0 0 0 0 0 1.1102 0 0 0 0 0 0 1.21464 0 0 0 0 0 0 0 0 0 0.885234 0.758332 1.00118 0.865652 0 0 0 0 0 0 0 0 0 0.619044 0.775315 0 0 0 0 0 0.873505 1.28971 0 0 0 0 0 0
AU14
 0 0 0 0 0 0 0 0 0 0 0 0 0 0 0 0 0 0 0 0 0 0 0 0 0 0 0 0 0 0 0.54104 0.531898 0 1.47723 1.33023 1.79546 0.438652 0 0.723347 0 0 0 0 0 0 0 0 0 0.92108 0 0 0 0 0 0 0 0 0 0 0 0 0 0 0 0 0 0 0 0.779541 0 0 1.24521 0 0 0 0 0 1.69123 0 0 0 0 0 0 0 0 0 0 0 0 0 0 0.483487 0 0 0 0 0 0 0 0 0 0 0 0 0 0 0 0 0 0 0 0 0 0 0 0 0 0 0 0 0 0 0 0 0 0 0 0 0 0 0 0 0 0 0 0 0 0 0 0 0 0 0 0 0 0 0 0 0
AU15
 0 0 0 0 0 0 0 0.156436 0.0638689 0.580509 0.775139 0.879821 0.658934 0.710253 0 0.912387 0.935024 1.61621 0.585891 0.55774 0.328575 0.859287 1.18745 1.47152 0.495948 0 0.510306 0 0 0 0.739964 0.477717 0.518434 0.606236 0.725071 1.09842 0.602712 1.25182 0.454709 0.203158 0 0 0.499981 0.265057 0.496155 0.72996 0.286511 0.025833 0 0.267924 1.30859 1.27316 0.636857 0.694076 0.268083 0.407713 0.159421 0 0.274318 0.484583 0.38058 0.551395 0.293018 0.38047 0.440963 0.490221 0.19902 0.20293 0.40199 0.306531 0.245401 0.708394 0.0597828 0 0.141786 0.0941961 0.123314 0.582868 0.365108 0.272116 0.130138 0 0.498121 0.561504 0.554561 0.0782625 0.229 0.450777 0.547447 0 0.477354 0.228986 0.242412 0.189281 0.608836 0.59681 0.40194 0.314699 0.491635 0.0414254 0.211513 0.0826517 0.0925613 0.451584 0 0 0.367355 0.125431 0 0 0 0.115894 0.130526 0.165332 0.298371 0.0435841 0.187445 0.555043 0.568268 0.131059 0.0311215 0.204883 0 0 0 0.613622 0.132578 0.24905 0.0991151 0.250669 0 0.0904262 0.157487 0 0.314344 0.730778 0.321019 0.57395 0.00265395 0 0 0 0 0 0 0 0 0 0 0
AU17
 0 0 0 0 0 0 0 1.09321 0 0 0 1.36604 1.48238 0.504313 1.02223 1.13103 1.98416 1.92499 0 1.34656 1.06635 1.65595 1.81575 2.09812 0 0 0 0 0 0 1.48525 0.204003 0 1.13086 1.19768 1.01921 0.508918 0 0 0 0 0 0 0 0 0 0 0 2.01828 1.61414 3.09912 0 0 0 0 0 0.70452 0.734554 0 0.370062 0.264246 0.546493 0.543488 0.503189 0.539948 0 0 0.326458 0.960521 0.988593 0.731961 0.971966 0 0 0 0 0.341853 0 0 0 0 0 0 0 0.200483 0 0 0 0 0 0.516953 0.871587 1.00465 0 0 0 0 0 0 0 1.31849 0 0.718582 0 0.674677 0.0923947 0.0351364 0 0 0 0 0 0 0 0.689606 0.917154 0 0 0 0 0 0 0 0 0 0 0 0 0 0 0 0 0 0 0 0.241655 0.486742 0.399552 0 0 0 0 0 0 0 0 0 0 0 0
AU20
 1.33663 2.17826 1.77123 2.52967 3.11561 2.84415 0 0.995883 0.682953 0.272041 0.411368 0.997984 0 0 0 1.26674 1.36907 1.00605 0.135795 0 0 0 0.404939 0.238736 0 0.55289 1.19215 0.535409 1.36896 1.26823 0.708174 0.596824 0.503359 0.312503 0 0.318648 0 0.220002 2.00783 1.04338 0.932191 0.726333 1.71243 1.94864 1.82598 2.89532 2.47436 1.82824 0 0.0690334 1.8315 0 0 0 0 0 1.87925 2.35163 1.93158 0 0.546379 0.121962 0.97717 0.592042 1.31948 1.27358 0 0.343768 1.29493 1.39826 1.51012 1.04588 0 0 0 0 0 0 0.767805 1.22475 0.462375 1.07166 1.1706 0.84562 0 1.60408 2.68638 1.38379 0.663535 1.19085 0.355043 0.964168 0.859743 1.97024 1.1449 0.732315 0.361672 0.557192 0.00829742 0.844009 1.51261 1.8322 0 0 0.710322 1.00972 1.04716 1.53266 1.40353 1.93641 2.55948 2.43413 2.47569 1.66623 0.912926 1.25512 1.46408 1.98212 1.53936 1.23246 0 1.17934 1.48383 2.05263 1.22378 0.392957 0 0.0207451 0.72342 1.0538 0.296663 1.19845 0.2262 0.479301 1.74888 0.827391 1.22016 1.7875 0.0375302 1.07367 0.99611 0.544085 1.08508 1.28949 1.72821 1.30965 1.84924 1.71684 2.02157 1.41888
AU23
 0.973955 0.256881 0 0.228526 0.668173 0 0.680601 0.55933 0.390582 0 0 0 0.619478 0 0 0 0 0 0.809823 0.232665 0 0.67193 0 0 0.843735 1.0872 0.645392 1.88358 1.16053 0 0.657841 0.481672 0.798921 0.651232 0.419332 0 0.83042 1.17321 0.648301 0.311593 0.544983 0 0.250067 0 0 0.0890097 0 0 0 0.73996 0 0 0.410576 0.603459 0 0.831659 0.6715 0.267702 0 0 0.521321 0.521497 0.404273 0.3022 0.478792 0.331974 0.101225 0.727234 0.938959 0.522695 0 0 0 0.302231 0.536218 0.389514 0.298471 0 0.202819 0 0 0 0.354811 0 0.397257 0.865138 0.389402 0.551849 0.3336 0 0.492976 0.720449 1.14761 0.424455 0.7729 0.730718 0.257958 0.397916 0.323483 0.568092 0.499729 0 0.880425 0.120319 0.622902 1.01431 0.440325 0.623296 0.539908 0.427094 0 0 0 0 0.90023 0.862245 0 0 0 0.122039 0.822135 1.00415 1.5556 1.64485 1.6263 0.630482 0.362374 0 0 0 0.107462 0.436798 0.272948 0.678839 0.630162 1.26995 0.714576 0.549353 0 0.401356 0.47468 0.607515 0.256543 1.2475 0.354671 0 0.430052 0 0 0
AU25
 0.375104 0.46559 0.391542 0.597976 0.567876 0.65047 0 0 0 0 0 0.181886 0 0.0619481 0 0 0 0 0 0 0 0.476898 0 0.0405882 0 0 0.671194 0.373808 0.527616 0.639402 0.529923 0.74583 0.624766 0.423631 0.454899 0 0.346159 0 0.358622 0.41303 0.219078 0 0.144271 0.182299 0 0.298092 0.232952 0.316642 0 0 0 0 0.0883382 0 0 0 0.153568 0.377041 0.539265 0 0.519254 0.415185 0 0 0 0 0.478462 0.562886 0.408969 0.248701 0.117783 0.318526 0.328868 0.515336 0.44698 0.333601 0 0 0.641513 0.668813 0.50775 0.362425 0.343081 0.283818 0.250692 0.403507 0.480252 0.481835 0.23912 0.347424 0.346134 0 0 0.219826 0.251836 0.404888 0.182316 0.599772 0 0 0.0586297 0.0911826 0 0 0 0 0.135741 0 0 0 0.273695 0.219555 0.0118502 0.0247373 0 0 0 0 0 0 0.473201 0 0.203678 0.210018 0.0986863 0 0.439655 0.511197 0.107704 0.393675 0 0.0600391 0.387786 0.0477528 0.404443 0 0 0 0 0.0038079 0 0 0 0 0.0304168 0 0 0.0201166 0 0
AU26
 0 0 0 0 0 0 0 0 0 0 0 0 0 0 0 0 0 0 0 0 0 0 0 0 0 0 0 0 0 0 0 0 0 0 0 0 0 0 0 0 0 0 0 0 0 0 0 0 0 0 0 0 0 0 0 0 0 0 0 0 0 0 0 0 0 0 0 0 0 0 0 0 0 0 0 0 0 0.719188 0 0 0 0 0 0 0 0 0 0 0 0 0 0 0 0 0 0 0 0 0 0 0 0 0 0 0 0 0 0 0 0 0 0 0 0 0 0 0 0 0 0 0 0 0 0 0 0 0 0 0 0 0 0 0 0 0 0 0 0 0 0 0 0 0 0 0 0 0 0 0 0
AU28
 0 0 0 0 0 0 0 0 0 0 0 0 0 0 0 0 0 0 0 0 0 0 0 0 0 0 0 0 0 0 0 0 0 0 0 0 0 0 0 0 0 0 0 0 0 0 0 0 0 0 0 0 0 0 0 0 0 0 0 0 0 0 0 0 0 0 0 0 0 0 0 0 0 0 0 0 0 0 0 0 0 0 0 0 0 0 0 0 0 0 0 0 0 0 0 0 0 0 0 0 0 0 0 0 0 0 0 0 0 0 0 0 0 0 0 0 0 0 0 0 0 0 0 0 0 0 0 0 0 0 0 0 0 0 0 0 0 0 0 0 0 0 0 0 0 0 0 0 0 0
AU45
 0 0 0 0 0 0 0.607196 0.49163 0.347275 0.444045 0 0 0.32363 0 0 0 0 0 0 0 0 0 0 0 0 0.603605 0 0 0 0 0 0 0 0 0 0 0 0 0 0.36628 0.676572 0 0 0 0 0 0 0 0 0 0 0 0 0 0 0 0 0 0 0 0 0 0 0 0 0 0 0 0 0 0 0 0 0 0 0 0 0 0 0 0 0 0 0 0 0.754888 0.483816 0 0 0 0.422652 0.340019 0.816022 0 0 0.439363 0 0 0 0.239564 0.493547 0 0 0 0.416557 0 0 0.589979 0.476686 0.383173 0.411619 0 0 0 0.5557 0.383665 0.0105101 0 0 0 0 0.0560774 0 0 0 0 0 0 0 0 0 0 0.204743 0.481927 0.423166 0.789982 0.693936 0.520132 0 0.00825402 0 0.119281 0.167849 0.495967 0 0 0 0 0 0
