timestamp
682873.424 682873.451 682873.509 682873.566 682873.594 682873.624 682886.823 682886.880 682886.909 682886.938 682886.966 682886.995 682887.109 682887.138 682887.166 682887.195 682887.223 682887.280 682887.367 682887.395 682887.423 682887.480 682887.509 682887.538 682887.623 682887.680 682887.709 682887.737 682887.766 682887.795 682898.280 682898.309 682898.366 682898.395 682898.423 682898.481 682900.509 682900.537 682900.595 682900.623 682900.681 682900.709 682910.937 682910.966 682910.995 682911.023 682911.083 682911.109 682911.196 682911.223 682911.283 682911.309 682911.337 682911.366 682911.481 682911.509 682911.537 682911.566 682911.596 682911.623 682911.737 682911.766 682911.795 682911.823 682911.880 682911.909 682911.996 682912.023 682912.080 682912.109 682912.137 682912.166 682916.080 682916.137 682916.166 682916.196 682916.223 682916.280 
AU01
 1.68356 2.05441 1.29886 1.14843 1.1736 0.760638 0 3.16755 3.36511 2.79554 2.97904 0 2.27926 0 2.74847 2.70347 2.99344 4.23964 0 3.16384 2.81434 3.7357 4.4702 3.7642 1.37 1.90058 3.06226 3.80669 4.10397 1.98688 1.9597 2.47528 2.72743 2.25431 1.91854 1.85962 0.671666 1.69318 1.6621 1.43021 1.91828 2.17936 2.68585 2.9659 3.10296 1.9622 2.14612 1.32926 2.68646 1.62369 0 0 2.36624 2.68617 2.05859 2.51028 2.65214 1.68261 3.45555 3.49563 2.63146 1.4941 1.71327 2.97176 3.37758 3.94844 1.67706 0.825187 0.755222 1.66151 2.60992 2.37787 1.16672 0.976291 0.731557 0.112564 0 0.324752
AU02
 0 0.120967 0.319199 0.000277445 0.524126 0.154813 1.90164 2.07097 1.7928 0.794004 0.243626 0.28076 1.88204 1.46196 0.59962 0 0 1.03937 1.76122 1.21322 0.94817 1.21233 1.4886 1.70392 0 0 0.463877 1.52935 1.84861 1.18817 0 0.531995 0.524959 0.168329 0.173803 0 0.579029 0.968459 0.420231 0.515218 0.214028 0.342677 1.42074 0.493818 0 0 0 0 1.6453 0.300655 0 0.56764 1.2488 0.780634 1.89176 1.28761 0.320502 0 0.303785 1.23535 1.77765 0.00537293 0 0 0.806178 1.6971 0.514954 0.00264175 0 0 0 0 1.16177 0.921783 1.11818 0.0630146 0.270628 0.335896
AU04
 1.33178 0.810012 1.11916 1.23264 1.12413 0.989322 0.451087 0.44368 0 0 0 0 0 1.22325 2.35731 1.91007 2.85824 2.71911 0.549941 1.59719 1.54964 1.19042 1.57469 1.47996 0.536677 1.9691 1.86817 1.88867 1.62776 0.951555 0 0 0 0.955832 1.24374 1.72871 0 0 0 0 0 0 0 0 0 0 0 0 0 0 0.145244 0 0 0.0981052 0 0 0.622709 1.03781 1.14152 0.391959 0 0.401554 0.813351 0.719684 1.55544 0 0 0 0 0 0 0 1.22035 0 0 0 0 1.04976
AU05
 0 0 0 0 0 0 3.38479 2.87048 1.01092 0.216814 0.938808 1.59427 3.1036 2.73798 1.74799 2.12502 1.36015 1.02919 3.75873 2.93955 2.28093 3.44552 2.93632 0 1.31513 1.9734 1.86474 1.30123 2.08357 2.38061 0 0 0 0 0 0 0 0 0 0 0 0 2.66016 2.41665 1.9046 0.48159 0 0 2.06374 2.73989 0 0 3.2804 2.63852 1.72774 2.04422 2.59081 2.13806 0.631405 2.29074 1.38301 1.61855 2.13064 1.75674 1.83554 3.30885 2.05823 2.00272 2.31464 2.33585 1.70302 2.2663 1.22484 1.17182 2.03824 1.76723 1.47706 1.04716
AU06
 0.587739 0.507316 0.992656 1.19351 1.94718 2.43142 0 0 0 0 0 0 0 0 0 0 0 0 0 0 0 0 0 0 0 0 0 0 0 0 1.36899 1.13064 0.973537 1.11421 0.607863 0.619528 0 1.24585 1.15903 1.04588 1.06901 1.33233 0 0 0 1.14353 1.63306 1.3869 0 0 0 1.7283 1.81127 1.51038 0 0 0 0 0 0 0 0 0 0 0 0 0 0 0 0 0 0 0 1.41704 1.7734 1.89828 1.63947 2.09815
AU07
 0 0 0 0 1.15074 1.71632 0 0 0 0 0 0 0 0 0 0 0 0 0 0 0 0 0 0 0 0 0 0.655466 1.55813 0 0 1.69405 1.28737 1.63959 0 0 0 0 0 0 0 0.456868 0 0 0.91553 0 2.48779 1.58506 0 0 0 1.17762 0 0 0 0 0 0 1.77248 0.868454 0 0 0 0 0.79739 0.961926 0 0 0 0 1.29087 0.411181 0 0.205816 0.754693 0 0 1.27854
AU09
 0.238569 0 0 0 0 0 0.330473 0 0 0 0 0 0.344231 0.765752 0.609713 0.459706 0 0 0 0 0 0 0 0 0 0 0 0 0 0 0 0 0 0.727014 0.710925 0.70797 0 0 0 0 0 0 0 0 0 0 0 0 0.208553 0 1.07383 1.24307 1.77508 1.11669 0 0 0 0 0 0 0 0 0 0 0 0 0 0 0 0 0 0 0 0 0 0 0 0
AU10
 0 0 0 0 0 0 1.10241 1.17041 0.685725 0.384647 1.30011 0.8259 1.14979 0.702414 0.346107 0 0 0 1.16747 0.888093 0.678766 0.455 0.759452 0 0.596296 0.277602 0.746524 0 0 0 0 0 0 0 0 0 0 0 0 0 0 0 0.244955 0.832983 0 0 0 0.89089 0.656554 1.1708 2.08242 1.78969 1.29271 0.670172 0 0 0 0 0 0 0.201532 0 0 0 0 0 0 0 0 0 1.34426 1.21936 0 0 0 0 0 0
AU12
 0 0.607795 0.942896 1.0893 1.26358 1.55756 0.728362 0 0 0 0 0 0.877698 1.04094 0.887505 1.02299 0 1.63077 0 1.34213 1.16054 1.35751 1.33783 1.65944 1.54765 1.61139 1.35866 1.44151 1.06587 0 0 1.24014 1.01814 0 0 0 0 1.1969 0 0.768705 0.941735 0.808818 0.895075 0 0 0 0 1.25018 0 0 0 0 0 0.597979 0.930081 1.33607 1.35792 1.25438 1.28383 0 1.14688 1.538 1.30893 0 1.08051 1.3086 1.39039 1.53348 1.34469 1.24074 1.37206 1.53191 0 0.992283 1.11575 0.998701 1.2708 1.25607
AU14
 2.02471 0.939865 2.1122 1.65237 0 1.24479 0 0 0.894878 0 0 0 0 0.683013 0 0 0 1.39046 0 0 0 0 0 1.3642 0 0 0 0 0 0.684831 0 0 0 0 0.403962 0.337846 1.66011 1.68375 1.45875 1.25591 1.05612 0.934195 0 1.13745 1.22114 0 0 0 1.29299 1.82571 2.05582 0 0 0 0 0 0 0 0 0 0 0 0 0 0 0 0 0 0 0 0 0 2.02937 1.19781 0 0 0 0
AU15
 0 0.0619359 0.190341 0.146175 0 0.209059 0 0.526458 0.158034 0.0650735 0.0858785 0 0.259634 0.459116 0.120826 0 0.0385192 0.436468 0 0 0 0 0 0 0 0 0 0 0 0 0.225976 0.634125 0.0822358 0.558917 0 0.0145572 0.526648 0.653919 0.0872873 0.191212 0 0 0.13514 0.114101 0 0.844248 0.00753559 0 0.787658 0.722157 0.706981 0.547166 0.294619 0 0 0 0 0 0 0 0 0 0 0 0 0 0 0 0 0 0.126379 0.305857 0.609449 0.373943 0 0 0 0
AU17
 1.19606 0.670704 1.46357 1.73327 1.81936 1.55092 0 0 0 0 0 0 0 0 0 0 0 0 0 0 0 0 0 0 0 0 0 0 0 1.40169 1.45691 1.83753 1.77211 0.98232 1.11823 1.08865 2.93927 2.22977 1.35387 1.05583 1.10213 0 0 0.3721 0.527934 0.368071 0 0 0 0 0 0 0 0 0 0 0 0 0 2.26115 0 0 0 0 0.919973 0.95202 0 0 0 0 1.19896 0 1.62569 1.0695 0 0 0 0
AU20
 0 0 0 0 0 0 2.50585 2.67737 1.735 2.13903 2.29083 1.19702 2.3711 1.94274 1.61336 0.875971 0.635225 0.688785 1.72795 0.839087 0.87875 0 0 0 1.81338 1.17464 0 1.09122 0.29124 0.552385 0 0 0 0 0 0 0 0 0 0 0 0 1.10063 2.60135 2.62306 2.05173 0 0 2.54089 3.15074 3.29464 2.12576 1.01656 0 1.90625 1.61911 1.16463 1.08778 0.838699 1.0939 1.46832 1.58879 1.60233 0 0 0.0553862 1.35357 1.04421 0.489018 0 0 0 0 0 0 0 0 0
AU23
 0.254354 0 0 0 0 0 0.607801 0.551762 0.829342 0.855254 0.569721 0.8554 0.438109 0.569218 0 0 0 0.330849 0.174195 0.403353 0 0.405066 0.93032 1.65616 0 0 0.869334 1.12317 1.63409 1.5375 0 0.779525 0.699147 0.186067 0.352797 0.321199 0.667391 0 0.866881 0.760976 0 0.751274 0 1.42637 1.41123 0.968221 0 0.676595 0 0.425334 0.447808 0.335155 0 0 0.331918 0 0 0.502037 0.924295 1.58692 0 0 0 0.663465 0.657918 0.719928 0 0 0 0 0.144112 0 0 0 0 0 0 0
AU25
 0 0 0 0 0 0 0.0538189 0.0423677 0.263294 0.395476 0.183758 0.209174 0.367417 0.283169 0 0.075763 0 0 0.0942578 0 0 0 0 0 0.21418 0.00240168 0 0 0 0 0 0 0 0 0 0 0 0 0 0 0 0 0.519999 0.0609986 0 0 0.632671 0.149803 0.241265 0.267549 0.614444 0.753797 0.586418 0.157317 0.575543 0.232919 0.283256 0 0 0 0.642011 0.549097 0 0.214079 0.52753 0 0.559352 0.470595 0 0 0 0 0 0 0 0 0 0
AU26
 0 0 0 0 0 0 0 0 0 0 0 0 0 0 0 0 0 0 0 0 0 0 0 0 0 0 0 0 0 0 0 0 0 0 0 0 0.840074 0.306574 0.687742 0.596259 0.649814 0 0 0 0 0 0 0 0 0 0 0 0 0 0 0 0 0 0 0 0 0 0 0 0 0 0 0 0 0 0 0 1.44401 1.08145 0 0 0 0.290605
AU28
 0 0 0 0 0 0 0 0 0 0 0 0 0 0 0 0 0 0 0 0 0 0 0 0 0 0 0 0 0 0 0 0 0 0 0 0 0 0 0 0 0 0 0 0 0 0 0 0 0 0 0 0 0 0 0 0 0 0 0 0 0 0 0 0 0 0 0 0 0 0 0 0 0 0 0 0 0 0
AU45
 0 0 0 0 0 0 0 0 0 0 0 0 0 0 0 0.169276 0.548598 0.538328 0 0 0 0.46081 0.395384 0.393287 0 0 0.393388 0.396469 0 0 0 0 0 0 0 0 0 0 0 0 0 0 0 0 0 0 0 0 0 0 0 0 0 0 0 0 0 0 0 0 0 0 0 0 0 0 0 0 0 0 0 0 0 0 0 0 0 0
