timestamp
1275173.858 1275173.915 1275173.973 1275174.004 1275174.035 1275174.066 1275174.172 1275174.201 1275174.229 1275174.257 1275174.315 1275174.372 1275174.458 1275174.515 1275174.572 1275174.601 1275174.629 1275174.658 1275176.315 1275176.343 1275176.372 1275176.401 1275176.429 1275176.458 1275176.572 1275176.601 1275176.629 1275176.658 1275176.686 1275176.743 1275176.829 1275176.858 1275176.886 1275176.944 1275176.972 1275177.001 1275185.172 1275185.200 1275185.230 1275185.258 1275185.286 1275185.315 1275189.784 1275189.807 1275189.858 1275189.886 1275189.944 1275189.972 1275190.086 1275190.115 1275190.172 1275190.200 1275190.258 1275190.286 1275190.400 1275190.458 1275190.486 1275190.515 1275190.572 1275190.600 1275191.058 1275191.086 1275191.115 1275191.172 1275191.200 1275191.258 1275195.487 1275195.515 1275195.544 1275195.572 1275195.601 1275195.630 1275196.000 1275196.029 1275196.058 1275196.115 1275196.145 1275196.172 1275196.544 1275196.572 1275196.600 1275196.629 1275196.658 1275196.715 1275209.658 1275209.686 1275209.744 1275209.772 1275209.829 1275209.859 1275210.629 1275210.658 1275210.686 1275210.744 1275210.773 1275210.801 1275210.944 1275210.972 1275211.000 1275211.058 1275211.087 1275211.144 1275211.258 1275211.315 1275211.344 1275211.372 1275211.400 1275211.458 1275211.572 1275211.600 1275211.658 1275211.715 1275211.744 1275211.772 1275219.373 1275219.401 1275219.429 1275219.458 1275219.515 1275219.544 1275223.401 1275223.429 1275223.458 1275223.515 1275223.572 1275223.601 1275223.715 1275223.772 1275223.801 1275223.829 1275223.858 1275223.915 1275224.029 1275224.058 1275224.115 1275224.172 1275224.201 1275224.229 1275224.344 1275224.372 1275224.401 1275224.429 1275224.458 1275224.515 
AU01
 0 0 0 1.01283 0 0 2.41448 2.3026 1.82582 2.82848 1.88273 2.06834 2.25176 3.05648 3.15862 2.05232 2.59406 2.3774 1.459 1.75297 1.42501 0 0 0 2.55161 2.26221 1.83274 2.56992 2.31127 3.88024 1.78907 1.95624 1.84022 1.17594 1.9481 1.49247 2.89599 2.85538 2.8458 3.85886 3.01254 2.71456 3.28589 3.80293 3.54563 4.2522 3.57384 3.47188 2.2636 2.17792 2.0569 2.16416 1.90752 1.70355 1.5545 1.51647 1.16424 1.86884 2.00384 1.17228 0.455788 0.926221 0 2.39895 2.51899 2.95336 1.26301 1.16267 1.61839 1.11407 1.35021 1.20397 1.51063 0 2.05083 2.26271 0 1.12169 2.06289 2.09332 2.07908 2.32356 1.67893 1.36037 2.7907 2.4278 2.1481 1.97651 1.81373 1.58712 2.25934 1.47902 1.93315 3.0567 0.826989 1.19331 2.37251 3.07328 3.20426 2.49248 2.53218 2.48958 1.33491 2.34746 2.74292 2.7388 2.62147 2.72157 1.90442 1.86256 2.50103 3.58648 3.04062 3.04616 0 0 0 0 0 0 1.28531 1.27647 2.04899 2.61491 1.35933 0.878514 2.1813 1.74855 1.87695 3.18307 2.97499 1.89962 2.89715 2.24664 2.21443 2.87275 2.25733 2.86414 2.57701 2.12113 1.36973 3.0384 1.80618 1.1541
AU02
 0 0 0 0 0 0 0.279 0.262251 0 0.228532 0 0.108505 0 0.0326809 1.01804 1.13149 1.01746 0 0.339389 0.146936 0.0815891 0.579014 1.50726 0.99489 0.156425 0.676447 0 0 0 0 0 0 0 0 0 0 0 0 0 0 0 0 0.0999967 0.155699 0.835924 0.136696 0 0 0 0 0 0.0560689 0.217798 0 0.0592224 0.0101541 0 0 0.652968 0.0278324 0 0 0 0.072133 0 0 0 0 0 0 0 0 0.110816 0 0 0 0 0 0.122315 0.296203 0.177252 0.00785403 0 0 0 0 0 0 0 0 0.260434 0 0 0.264383 0 0 0.0467629 0 0 0 0 0 0 0 0 0 0 0 0.134518 0 0 0.589549 0.516338 0.513256 0 0 0 0 0 0 0 0 0.177671 0.932229 0 0 0.105222 0.121616 0 0.362278 0.532251 0 0.486995 0.0208284 0 0.343821 0.246955 0.348043 0 0.0740803 0 0 0 0
AU04
 2.20066 0 0 0.568948 0 0 0 0 0 0 0.853415 0.486704 0 0 0 0.80475 1.94276 0.066966 0.827704 0.655655 0.42733 0 0 1.44828 0 0 0.085833 0 0 0 1.93133 2.11638 0.628274 0.897017 1.80323 1.32207 1.43956 1.01198 0.226338 0 0 0 0.303798 0 0 1.21547 0 0 0.0500437 0 0 0 0.608131 1.2616 0.323043 0 0.954251 0 0.777942 0.530924 0 1.33662 0 0 0 0.624671 2.64672 3.07698 2.56877 2.34784 2.45996 2.23587 0 2.24168 1.51715 0.974383 1.31862 0 0 0 0 0.154816 0.0745839 0 0.72913 0.800136 0.726149 1.00692 1.84449 1.43288 1.46018 0.92555 0 0 0 0 0.669187 0.739313 1.18474 0.920431 0.447745 0.432441 0.271079 0 0.124259 0.559753 0 0 1.36553 2.18324 1.81665 0.743929 0 0 2.59949 2.75931 2.50111 2.97398 2.8755 2.97685 0 0 0 0 0 0 0 0 0 0 0 0 0 0 0 0 0 0 0 0 0 0 0.725311 0
AU05
 0 0 1.21911 1.66783 1.34113 0 0.255242 0.418055 1.01437 0.136313 0 0 0.635705 0.789958 0.44466 0 0 0.826885 0 0 0 0 1.96852 0 0 1.671 0 0 0 0 0 0 0.971694 1.53841 0 0.751327 0 0 0.588112 0 0 0.0161482 0 0.669424 0 0 1.10048 1.19861 1.34914 0.184999 0 0 0 0 0 0 0 0 0 0 0 0 0 0 0 0 0 0 0 0 0 0 0 0 0 0 0 1.03674 0 0 0 0 0 0 0 0 0 0 0 0 0.98306 0 0.653461 2.521 2.70161 2.29578 0 0 0 0 0.294507 0.810264 0 0 0 0.958138 1.37811 0 0 0 0 0 0 0 1.17306 1.09547 1.24303 1.22801 1.05303 1.15016 0 0 2.17008 1.31023 1.66592 0 0 0.566537 0 1.94158 0 0.525917 0.730384 0.0756423 0 0 0 0.143749 0 0 0 0 0 1.89429
AU06
 0 0 0 0 0 0 0 0 0 0 0 0 0 0 0 0 0 0 0 0 0 0 0 0 0 0 0 0 0 0 0 0 0 0 0 0 0 0 0 0 0 0.386704 0 0 0 0 0 0 0 0 0 0 0 0 0 0 0 0 0 0 0 0 0 0 0 0 0 0.529166 0.565229 0 0 0 0 0 0 0 0 0 0 0 0 0 0 0 0.298803 0 0.342606 0 0 0 0 0 0 1.64299 0 0 0 0.469361 0.468101 0.673226 0.732898 1.06981 0 0.956322 0.996842 1.17587 1.33599 1.02361 0 0 0 0 0 0 0 0 0 0 0 0 0 0 0 0 0 0.411114 0 0 0 0 0 0 0 0 0 0 0 0 0 0 0 0 0 0
AU07
 2.48155 1.52515 0 0 0 0 0 0 0 0 0 1.22888 0 0 0 1.4816 2.59237 0 0.620847 1.21645 0 0 0 0 1.37511 0 1.78592 1.57305 1.40527 0 2.77435 3.22506 1.78071 2.06781 2.39851 3.0542 2.54019 1.97683 1.89289 2.08187 2.33693 2.75714 0 0 0.663597 0.024728 0.753926 1.60046 0 1.76714 0 2.0953 2.75976 0 0.339761 0.33465 0.413265 0.165783 0.794675 0 0.886714 1.24949 0.124023 0 0 0 2.49409 2.34611 3.15198 3.32949 2.29905 2.01349 0 0 2.83715 2.31819 1.86863 1.49667 0 0 0.72702 1.62173 2.59561 0.5498 1.62545 1.21117 0 0 2.32759 0.680375 0 0 0 1.43019 0 0 0 3.23897 3.5856 3.87217 2.58095 1.4658 0.432006 0.563397 0.331867 0.858505 0 0 0 1.8332 0 0 0 0 0.770387 0.663391 0.581588 0.736391 0.568774 0.958475 0 0 0 0.252468 1.51767 0.783491 0 0 0 0 0 0.147339 0 0 0 0 0 0 0 0 0 0.141168 0 0
AU09
 0 0 0 0 0 0 0 0 0 0 0 0 0 0 0 0.316756 0 0 0 0.386647 0.941564 0.836373 0 0 0 0 0 0 0 0 0 1.2951 0 0 0.703599 0 0.19412 0 0.777836 0 0 0 0 0 0 0 0 0 0 0 0.762312 0 0 0 0.930332 1.56431 1.09681 0 0 0 0 0 0 0 0 0 0 0.58674 0.966102 0 0 0 0 0 0 0 0 0 0 0 0 0 0 0 0.873588 0.816782 0.99997 0 0 0 0 0 0 0.924167 0 0 0 0.867601 0.608855 0 0 0 0 0 0 0 0 0 0 0 0 0 0 0 0 0 0 0 0 0 0 0 0 0 0.68748 0 0.208935 0 0.503205 0 0 0.402026 0 0 0 0 0.331833 0.447129 0 0 0 1.12796 0 0
AU10
 0 0 0 0 0 0 0 0 0 0 0 0 0 0 0 0.282155 0 0.842498 0.216012 0.189608 0 0 0.13897 0.351507 1.35949 1.02567 1.15353 0 2.11804 0.561497 0 0.215029 1.21964 0.794744 0.863204 0.296528 1.39347 1.75499 1.64289 2.23902 2.05838 3.03421 1.6033 0.32572 0.725593 0.866526 0 0 0 0 0 0.425928 0 0 0.686166 1.09031 0.861034 0 0 0 0 0 0 0.481129 0 0 0.543689 0 1.21205 0.978674 0 0.690627 0.0443964 0 0 1.47896 1.54781 2.87787 1.00996 1.56527 1.78012 1.97674 1.89997 2.71132 1.53771 1.52239 1.26465 0.926779 1.67651 0.67878 0.837769 0.454725 1.02294 0 0 0 1.69729 1.9259 2.13336 2.82765 2.61099 2.58749 1.77914 2.0422 2.43522 1.92531 1.96896 2.1308 0.29736 0 1.10822 1.58611 1.17548 0.779709 0.559527 0.363 0.57171 0.146643 0.436061 0.110223 0 0.220081 0.41384 0.271366 0.768659 0 1.16038 0.664796 1.22255 0.460947 0.848435 1.03806 0.0617716 0 0 0 0 0 0.937609 0.438316 0.737292 0.848799 0 0.799437
AU12
 0 0 0 0.168972 0.653356 0 0 0 0 0 0 0.568382 0 0 0 0 0 0 1.27016 1.0414 1.36048 0 0 0 0 0 0 0 0 0 0 0 0 0 0 0 0 0 0 0 0 0 0 0 1.04499 0.928803 0 0 1.50681 1.7312 0 0 0 0 0 0 0 0 0 0 0 0 0 0.987341 1.17546 1.00103 0 0 0 0 0 0 0 0 0 0 0 0 0 0 0 0 0 0 0 0 0 0 0 0 0 0 0 0 0 0 0 0 0 0 0 0 0 0 0 0 0 0 0 0 0 0 0 0 1.10903 1.03828 1.27075 1.23421 1.32833 1.4102 0 0 0 0 0 0 0 0 0 0 0 0 0 0 0 0 0 0 0 0 0 0 0 0
AU14
 0 0 0 0 0 0 0 0 0 0 0 0 0 0 0 0 0 0 0 0 0 0 0 0 0 0 0 0 0 0 0 0 0 0 0 0 0 0 0 0 0 0 0 0 0 0 0 0 0 0 0 0 0 0 0 0 0 0 0 0 0 0 0 0 0.354351 1.29957 0 0 0 0 0 0 0 0 0 0 0 0 0 0 0 0 0 0 0 0 0 0 0 0 0 0.75765 0 0 0 0 0 0 0 0 0 0 0 0 0 0 0 0 0 0 0 0 0 0 0 0 0 0 0 0 0 0 0 0 0 0 0 0 0 0 0 0 0 0 0.0329661 0 0.259147 0 0 0 0 0 0 0
AU15
 0 0.0214734 0 0.211926 0 0 0 0 0 0 0 0 0 0 0 0 0 0 0 0 0 0 0 0 0 0 0 0 0 0 0 0.0370228 0.0988775 0 0.621763 0.584011 0 0 0 0.0790788 0 0.36355 0 0.222434 0.297484 0 0.0767251 0.0461099 0.113736 0.197942 0 0.224567 0 0.0555262 0 0.0863781 0.466183 0 0 0 0 0 0 0 0 0.207863 0.476916 0.0703704 0.194507 0.214003 0.103092 0.0477677 0.275209 0 0.213184 0.127568 0.215502 0.48279 0.0208076 0.329842 0 0.148043 0.0810843 0 0.444607 0.418219 0.124408 0.259896 0.324237 0 0.461127 0.467795 0.453626 0.319453 0.294469 0.662334 0.255053 0.329084 0 0 0 0 0.28781 0.505086 0.0284516 0.058164 0.0283552 0.162168 0.775586 0.276584 0.114705 0.17034 0.130956 0.159932 0 0 0 0 0 0 0.311401 0.0592382 0.0968586 0.535368 0.942812 0.731035 0.342658 0.422281 0.648016 0.0186348 0.329778 0.344026 0 0.0224005 0.277202 0.429841 0.891858 0.734176 0 0 0.379659 0.236218 0.033239 0.691153
AU17
 0 0 0 0 0 0 0 0 0 0 0 0 0 0 0 0 0 0 0 0 0 0 0 0 0 0 0 0 0 0 0 0 0 0 0 0 0 0.338268 0 1.04763 0.848932 0 0 0 0 0 0 0 0 0 0 0 0 0 0 0 0 0 0 0 0 0.209578 0 0.794283 0.227009 0.471308 0 0 0 0 0 0 0 0 0 0 0 0 0 0 0 1.0692 0 0 0 0 0 0 0 0 0 1.17043 1.57113 0.893121 0 1.44578 0 0 0 0 0 0 0 0 0 1.23239 0 0 0 0 0 0.78029 0 0 0.828717 0.985497 0.954856 0 0.862728 0.757547 0.375791 1.0043 0.946813 1.30221 0.626227 2.44821 1.14938 0 0.416783 0.636214 0.712923 0.790694 0.298206 0 0.0304151 0 0 0 0 0 0 0 0 1.06073
AU20
 0.806831 1.10862 1.87498 0 0 1.09031 2.01068 1.49173 1.20703 1.64029 0.922643 0.555572 1.85642 1.3729 0.560784 0.465031 1.52285 1.23181 2.95923 4.31183 3.87498 3.33754 2.22877 2.2144 1.99952 1.28566 1.70327 1.3081 1.6712 1.29292 0.234265 1.16081 1.75453 1.69922 1.95411 0.901041 1.15992 1.02704 1.82026 1.07711 0.52528 0.812764 3.23839 2.66356 3.12277 2.38747 2.24621 1.43153 2.00916 2.91235 3.33958 2.05977 1.75667 2.07536 3.14314 3.40934 3.28965 2.72556 2.29679 2.34793 0.676529 1.22517 0.00135433 0.734876 0.404518 0 0.891994 0.420074 0.578421 0 0 0 0 0 0 0 0.727919 1.48085 0 0 0.806362 0.523898 1.54945 1.63761 0 0 0 0 0.0501942 0.219683 0.166273 0.340998 0 0.520643 0 0 0 1.18225 0.896385 0.192388 0.829415 1.76597 0.928898 1.27978 1.92735 2.15499 2.61478 1.65876 0.943897 0.181062 0.624763 1.29022 1.35361 0.733643 0.806974 0.806155 0.718479 0.713835 0.923753 0.636012 0 0 1.02253 1.97713 1.54856 1.1041 0.156021 0.645442 0.841019 1.10804 1.17281 0 0 0 0 0 0 0 0.269508 0.184805 1.28991 0.330627 0.714964 2.0205
AU23
 0.754803 0.247046 0.202731 0.619597 0.502475 0.305761 0.676182 0.392267 0.752533 0.724649 1.01387 0.816728 0.550865 0.437726 0 0.241745 0.437412 0.141616 1.68183 1.46128 1.68082 0.753546 0 0 0.668239 0.569025 0.310073 0 0 0 0.407057 0 0 0 0.270706 0.419745 0.924048 0.783613 0.528967 0.779913 0.116873 0 1.19448 1.37919 1.09695 1.02359 0.38557 0 1.16069 1.2629 0 0.325371 0.901286 0.552794 0.847692 1.06398 0.549094 0.565259 1.07246 1.19913 1.08833 0.893767 0.636306 1.37303 1.16522 1.09835 0 0.411601 0 0.448245 0 0.0985435 0 0 0.490386 0 0 0.299013 0 0 0 0 0 0 0.806493 0.112886 0.223699 0.0964108 0 0 0.788146 0.372874 0.543446 0.181193 0 0 0.5251 0 0 0 0 0 0 0 0 0.288993 0 0 0.471079 0.606903 0.638679 0 0.192154 0.539997 0 0 0 0 0 0 0 0.443861 0.792135 0.464738 0 0 0.947846 0 0.374682 0 0 0.242273 0.499426 0.193609 0.118057 0.435748 0.329366 0.270395 0.299644 0 0 0 0 0.227906
AU25
 0.647271 0.390349 0.454755 0.0257047 0 0 0.717587 0.721724 0.573748 0.405606 0.135746 0.00533028 0.690068 0.60063 0 0 0 0 0.153822 0.251306 0.393088 0.831599 0.947615 0.988515 0.61677 0.67896 0.359119 0 0 0.180188 0.168521 0.517966 0.262228 0.255669 0.441457 0.357395 0 0 0 0 0 0 0.341862 0.0351995 0.340808 0.207188 0.329518 0 0.611798 0.713256 0.799327 0.540682 0.633072 0.533165 0.543798 0 0.627404 0.156854 0 0 0.344535 0.417458 0 0.0491102 0.251597 0 0.376266 0.218332 0.51689 0 0.256977 0.237474 0.26736 0.385855 0 0.263165 0.186777 0 0.109943 0 0.0744092 0.0219072 0 0 0 0 0.0118286 0.330073 0.163216 0.326624 0.0584671 0.656927 0 0 0 0 0.0642564 0 0 0 0 0 0.260836 0.24782 0.142618 0.146571 0 0 0.358785 0 0 0 0.285835 0.354153 0 0 0 0 0 0 0 0.169819 0.30687 0.573908 0 0 0 0.359125 0.586712 0.409611 0.768449 0.396164 0.0469939 0 0 0 0 0 0.2077 0.496075 0.560995 0.315442 0.0546443 0.206697
AU26
 0 0 0 0 0 0 0 0 0 0 0 0 0 0 0 0 0 0 0 0 0 0 0 0 0 0 0 0 0 0 0 0 0 0 0 0 0 0 0 0 0 0 0 0 0 0 0 0 0 0 0 0 0 0 0 0 0 0 0 0 0 0 0 0 0 0 0 0 0 0 0 0 0 0 0 0 0 0 0 0 0 0 0 0 0 0 0 0 0 0 0 0 0 0 0 0 0 0 0 0 0 0 0 0 0 0 0 0 0 0 0 0 0 0 0 0 0 0 0 0 0 0 0 0 0 0 0 0 0 0 0 0 0 0 0 0 0 0 0 0 0 0 0 0
AU28
 0 0 0 0 0 0 0 0 0 0 0 0 0 0 0 0 0 0 0 0 0 0 0 0 0 0 0 0 0 0 0 0 0 0 0 0 0 0 0 0 0 0 0 0 0 0 0 0 0 0 0 0 0 0 0 0 0 0 0 0 0 0 0 0 0 0 0 0 0 0 0 0 0 0 0 0 0 0 0 0 0 0 0 0 0 0 0 0 0 0 0 0 0 0 0 0 0 0 0 0 0 0 0 0 0 0 0 0 0 0 0 0 0 0 0 0 0 0 0 0 0 0 0 0 0 0 0 0 0 0 0 0 0 0 0 0 0 0 0 0 0 0 0 0
AU45
 0 0 0 0 0 0 0 0 0 0 0 0 0 0 0 0 0 0 0 0 0 0 0 0 0 0 0 0 0 0 0 0.305911 0.388934 0.351043 0.440816 0.289357 0.532704 0.528797 0.465527 0.550865 0.421267 0.0145119 0 0 0 0 0 0 0 0 0 0 0 0 0 0 0 0 0 0 0 0 0 0 0 0 0.503157 0.278223 0 0 0.0246021 0 0.325095 0.397426 0.296644 0 0.344894 0.0623306 0 0.210568 0.00466271 0.0362641 0.0709917 0 0.0929685 0 0 0 0 0 0.51262 0.714948 0.838889 0 0 0 0 0 0 0 0 0 0 0 0 0 0 0 0.313741 0.198382 0.00068544 0 0 0 0.289996 0 0 0.568986 0.736387 0.75621 0.611767 0 0 0 0 0 0.0708241 0.126198 0.405936 0 0 0 0 0 0 0 0 0 0 0 0 0 0 0
