timestamp
597865.220 597865.276 597865.305 597865.333 597865.362 597865.390 597866.020 597866.048 597866.105 597866.133 597866.162 597866.191 597872.420 597872.448 597872.505 597872.562 597872.590 597872.620 597872.762 597872.790 597872.819 597872.848 597872.905 597872.962 597872.990 597873.020 597873.048 597873.105 597873.390 597873.420 597873.476 597873.505 597873.562 597873.590 597873.705 597873.762 597873.790 597873.820 597873.847 597873.905 597873.962 597873.990 597874.020 597874.076 597874.105 597874.162 597874.190 597874.362 597874.390 597874.420 597874.448 597874.505 597874.562 597885.076 597885.105 597885.134 597885.162 597885.190 597885.219 597886.134 597886.162 597886.190 597886.219 597886.276 597886.305 597886.390 597886.419 597886.476 597886.505 597886.534 597886.562 597887.735 597887.762 597887.790 597887.819 597887.876 597887.905 597891.933 597891.962 597891.990 597892.019 597892.076 597892.133 597892.562 597892.590 597892.619 597892.676 597892.733 597892.763 597892.876 597892.934 597892.977 597893.014 597893.042 597893.077 597893.190 597893.219 597893.276 597893.333 597893.362 597893.390 597893.533 597893.562 597893.590 597893.619 597893.676 597893.733 597893.819 597893.876 597893.933 597893.962 597893.990 597894.019 597894.076 597894.105 597894.162 597894.190 597894.219 597894.476 597894.505 597894.562 597894.590 597894.619 597894.676 597894.790 597894.819 597894.876 597894.905 597894.962 597894.990 
AU01
 0.910772 0.666964 0.82936 0.770277 1.07017 1.51245 1.6148 1.7709 1.77483 2.14267 1.33425 1.38585 1.19835 0 0 1.29027 1.0525 1.85341 1.77325 1.51738 3.24311 1.77374 1.55987 1.30036 1.66863 1.53418 1.20681 1.91648 0.951718 0.879922 0.41005 1.45748 1.08179 1.27734 0 1.41235 0.889673 1.77917 2.24719 1.67124 1.93842 2.22588 0.78904 3.77574 1.18929 1.66517 0.977349 0.711484 0.469538 0.594898 0.588283 0.66589 0.860745 2.24787 1.98191 1.61153 1.15262 1.11089 0 2.7885 2.184 2.3034 2.25411 2.45952 1.66117 0 1.03652 0 0 0 0 0 1.98005 1.30913 0.644805 0.126873 0.500818 2.14845 1.76443 1.69459 1.42076 0.591215 0.480495 1.38143 0 0 0.264384 0.156365 0.32745 1.5177 0.482221 0.396355 0 0 0 1.10372 1.36587 1.26734 1.56315 1.66551 2.01775 0.591719 1.63579 1.38458 0.769844 1.78066 1.72111 0 0.768001 0.229053 0.47818 2.01891 2.84153 0.947571 0.924132 0.54076 0.854312 0.806975 0.246917 0 1.22915 0.802795 0.840392 1.02415 0.800239 1.74649 0.395225 0.410109 0.525885 0.40636
AU02
 0 0 0 0 0 0 0 0 0 0 0 0 0 0 0 0 0 0 0.0945696 0.980041 0 0 0 0 0 0 0 0 0 0 0 0 0.0895195 0.134308 0 0 0 0 0 0 0.0217146 0.422387 0 0.367255 0 0 0 0 0 0 0 0 0 0.132147 0 0 0 0 0 0 0 0 0 0.445559 0.441323 0 0 0 0 0 0 0 0 0 0 0 0.391048 0 0 0 0 0 0 0 0 0 0 0 0 0 0 0 0 0 0 0.0372637 2.3783 0 0.0711279 0 0 0 0.902716 0 1.02575 1.47904 1.03868 0 0 0 0 0.0330788 0 0 0 0 0 0 0 0 0 0 0.352359 0.26838 0 0 0 0.0226729 0 0
AU04
 0.548236 0.857283 1.21603 1.12664 0.885469 0.975224 0 0 0 0 0.00404537 0.355227 0.0914877 0.314383 0.467558 0.545964 0.188756 0 0.921027 0.559138 0 0 0 0 0 0 0.734365 0.75066 0.828816 0.905334 1.58839 2.16672 1.26053 0 0.146919 0.344569 0 0.0720556 0.426827 0.571784 1.46272 2.15463 0 0 0 0 0 0.429894 1.32862 0.781676 0.852024 0.730077 1.80618 0.439906 0.804474 1.18051 0.798814 1.15565 1.40711 0 0 0 0 0 0 0 0 0 0 0 0 0 0 0 0 0 0 0.450885 0 0 0 0.919134 1.74138 0.011701 0.746318 0.888239 1.51449 1.22193 1.32609 0 0.445182 0.0557449 0.166031 0.279473 0.25543 0.803773 0.367534 0 0.722001 1.42341 0.409341 0.598604 0.299543 0.869432 1.05891 1.22526 2.11861 0.642871 0.271633 0 0 0 0 0 0 0 0 0 1.20712 0.874164 1.07134 1.45723 1.51937 1.02243 0 0 1.69248 1.32533 0.341189 0.0252912
AU05
 0 0 0 0 0 0 0 0 0 0 0 0 0 0 0 0 0.507054 1.03887 0.599622 1.06189 0 0 0 0 0 0 0 0.0433858 0 0 0 0 0 0 0 0 0 0 0 0 0 0 0 0 0 0 0 0 0 0 0 0 0 0 0 0 0 0 0.511942 0 0 0 0 0 0 0.310396 0.197703 0 0 0 0 0 0 0 0 1.00511 2.17756 0 0 0 0 0 0.30253 0 0 0 0 0 0 0 0 0 0 0 0 0 2.94416 0 0 0 0 0 1.12887 0.449487 0.445825 1.00223 0.388917 0 0 0 0.0876472 0 2.66399 0 0 0 0 0 0 0 0 0 0 0 0 0 0 0 0 0
AU06
 0.540158 0.226409 0.436732 0.466101 0 0 0.852921 1.01778 1.06441 1.16169 0.83413 0 0 0 0 0 0 0.483349 0 0 0 0 1.16972 0 0 0 0 0 0 0 0 0.448774 0 0 0 0 0 0 0 1.10818 1.36711 1.44394 1.32015 0 0 0 1.83726 0 0 0 0 0.38353 1.41047 0 0 0 0 0 0 0.987537 0 0.750761 1.13883 0.811308 0 0 0 0 0 0 0 0.751206 1.4838 1.99335 1.52066 0 0 0 0.830884 1.68475 1.63664 2.15864 1.93596 0 0 0 0 0 0 0 0 0.87275 0.697186 0.804369 0.398342 0 0 0 0 0 0 0 0 0 0 0 0 0 0.967786 1.18328 1.22141 0.890702 0 0 0 0 0 0 0 0 0 0.389749 0.843384 0.857779 0.418799 0.928667 2.04819 1.21041 0.944802 1.69111
AU07
 2.93179 2.84675 3.62978 0 0 0 0 0 0 0 0 0 0 0 0 0 0 1.47551 0 0 0 0 1.3219 0 0 2.06331 2.34959 2.90318 0 0 0 0 1.23599 2.57241 0 0 0 0 0 0 0 0 3.37367 0 0 0 0 0 0 0 0 0 0 2.40411 1.9503 3.15993 2.35677 2.1626 1.98907 0 0 2.23379 2.31037 0 0 0 0 0 0 0 0 0.912841 0 0 2.62091 1.25485 2.07882 0 1.64728 0 0 0 0 1.62261 1.69944 2.20091 0 0 0 0 0 0 0 2.07332 0 0 1.26352 1.41862 0 2.56233 1.76498 0 0 0 0 0 0 2.12569 0 0 3.75353 3.45137 0 0 0 0 0 0 2.01101 0 0 0 1.29976 1.64098 0.204259 0 0 2.59669 0 2.73822
AU09
 0 0 0 0 0 0 0.160943 0 0 0 0 0 0 0 0 0 0 0 0 0 0 0 0 0 0 0 0 0 0 0 0 0 0 0 0 0 0 0 0 0 0 1.1609 0 0 0 0 0 0 0 0 0 0 0.805143 0 0 0 0 0 0 0 0 0 0 0 0 0 0 0 0 0 0 0 0 1.12151 0.686735 0.680457 0 0 0 0 0 0 1.00378 0 0 0 0 0 0 0 0 0 0 0 0 0 0 0 0 0 0.500569 0 0 0 0 0 0 0 0 0 0 0.905252 0 0 0 0 0 0 0 0 0 0 0 0.61516 0 0 1.43338 0.614 0 0
AU10
 0 0.23223 0.239019 0 0 0 0.20327 0.214152 0.263405 0 0 0 0 0 0 0 0 0 0 0 0 0 1.08651 0 0 1.3497 0 0 0 0 0 0 0 0 0 0 0 0 0 0 0 0 0 0 0.0569585 0 0 0 0 0 0 1.1287 1.2975 0 0 0 0 0 0 0.246121 0 0.700167 1.36337 0 0.572917 0 0 0 0 0 0 0 0 1.66426 1.19304 0 0 0 0 0 1.03793 0 1.5531 0 0 0 0 0 0 0 0 0 0 0 0 0 0 0 0 0 0 0 0 0 0 0 0 0 1.19478 0 0 0 0 0 0 0 0 0 0 0 0 0 0 0 0 1.54852 1.99919 0 0 0
AU12
 0.861008 0.977604 1.30631 1.31663 0.895915 0.96242 1.03413 1.11152 1.37447 1.47636 1.17909 1.08449 0.259604 0 0 0 0 0 0 0 0 0 2.21493 1.78226 1.60167 1.72593 1.7974 0 0.726776 0.582875 0.371953 0.198522 0 0 0.287878 0 0.540952 0 0 0 0 0 0 0 0 0 0 0.11416 0.5688 0.573372 1.32233 0.400098 0 0 0.079702 0 0.566546 0.51959 0 0.846017 1.2292 1.23704 1.46276 1.30742 1.26256 0.047462 0 0 0 0 0 0.625523 1.16055 0.531176 0 0 0 0.329126 1.16003 1.19868 0.98019 0 0.504423 0.784719 0.422674 0.0651941 0 0 0 0.399353 0.640129 1.27767 1.1238 1.19329 1.26288 0 0 2.03837 2.15414 0.706636 0 0.09191 0 0 0 0 0 1.60406 0.679644 0.191709 0 0.985258 1.21185 0 0 0 0 0 0.990936 0.56124 0 0 0.520479 0.184209 1.06055 1.11027 0.486181 0 0 0
AU14
 0 0 0 0 0 0 0 0 0 0 0 0 1.20489 1.2794 1.01312 0.643481 0.779642 0 0.945377 0 0 0 0 0 0 0 0 0 2.01835 1.95404 0.23631 0.596632 0 0.32993 1.10874 0.796164 0 0 0 0 0 0 0 0 0 2.73391 0 1.7869 1.99042 1.00081 1.41637 0 0.42121 0 0 0 2.17583 1.71725 0.866064 0 0 0 0 0 0 2.27018 2.1143 0 0.381854 1.90879 1.90979 0 0 0 0 0 0 1.79361 0 1.51704 0 0 0 1.25748 1.11724 0 1.76645 1.44851 1.55608 1.5002 1.1489 1.32132 0 0 0 1.60237 0 0 0 0.608634 1.71557 2.29523 1.73355 0.901193 0 0.224281 0.894272 1.66635 1.47708 0 0 0 0 1.26798 0 0 0 0 2.14698 2.8473 1.65862 1.57147 2.27775 0.371733 0 0 0.804326 0 0 0
AU15
 0.0374927 0.199648 0.243387 0 0 0 0 0.387073 0 0 0 0 0.699749 0.506239 0.335021 0 0 0 0.640585 0 0 1.08619 0.832113 0.783796 0.824062 0.701709 0.713218 1.17417 0.524687 1.00451 0.69325 0 0 0.255509 0.249834 0.496625 0.328612 0 0 0.0706134 0.555656 0.604438 1.74299 1.36034 1.45058 1.49888 0.988412 0.591601 1.12215 0.571396 0.499251 0 0.264158 0 0 0 0.290426 0 0 0 0 0 0 0.467496 0.268058 0 0.143676 0 0 0 0 0.15232 0.269308 0 0 0 0.0284239 0 0 0 0 0 0 0.320263 0.570523 0 0 0 0 0.340659 0.562725 0 0 0 0 0 0 0.888125 0.520819 0.671813 0.734193 0.968834 0 0 0 0 1.00434 0 0 0.466143 0.506082 0.302289 0 1.16722 0 0.936503 0 0 0 0 1.38232 0.879946 0.553149 0 0.586136 0 0 0 0.158051 0
AU17
 0 1.85246 0 0 0 0 1.91099 2.44334 2.64734 2.14132 2.46515 2.4193 0 0 0 0 0 0.767181 0 0.388798 0 0 1.92056 1.37138 1.22637 0 0 0 0 0.537058 1.42197 0.876756 0 0 0 0 0 0 1.16992 0.919681 0 0 0 0.960602 1.19748 0 0.702266 0 0 0 0.86641 1.34076 0.529022 1.25301 1.50477 0 0 0 0 0 1.2231 1.89465 1.55656 0.967666 1.06171 0 0 0 0 0 0 1.91281 1.73642 2.11322 1.19883 0.766549 0 0 0 1.28496 1.49699 2.16392 2.41775 0 0 0 0 0 0 0 0.892431 0.839565 1.57458 0.8025 0 0 0 0 0.814526 0 0 0.345981 0.341467 0.206865 0.502998 0.316548 0 1.84871 0 0 0.0262252 0 0 0 0 0 0 0 0 0 0 0 0.775088 1.22143 1.59452 2.27472 0.973546 0 0 0
AU20
 0 2.30601 0 0.974445 0 0 1.82251 2.24482 0.850076 0.614179 0.363542 0 1.91199 1.97779 1.93655 1.8257 2.25167 1.74435 1.80733 1.099 0 0 0 0 0 0 0 0 1.8128 1.94989 0.503405 0 0 0.551243 1.87113 0.503938 1.38707 0.0360077 1.8715 3.06034 2.23664 1.42901 2.17035 1.98371 2.62681 4.25314 3.64819 1.40784 0.955965 0.493973 1.27751 1.33656 1.52526 0.376262 0 1.62879 2.20455 1.86424 1.36363 1.43505 1.36092 1.187 1.84506 1.89227 0.746871 2.04433 2.5545 1.81068 1.57707 1.45356 0.652657 0 1.38059 1.44507 2.21387 2.18233 2.72239 0 1.20206 1.26893 0.56118 0.0950614 0.575734 2.42445 3.47394 2.66432 1.36906 1.33982 1.2507 1.85814 1.6607 1.36833 1.29902 2.0268 1.59621 1.0497 1.26186 0 0 0.779638 0.412084 2.41325 0.726668 0.713502 0.526612 0.0525938 0 1.13065 0.468201 1.68206 3.05495 1.25779 1.28949 0.065813 0.271346 1.23363 0.705061 0.566657 0.222718 0 0 0 0 0 1.22791 0 1.91518 1.64795 0.995327 2.43158
AU23
 0.960038 1.17482 1.53433 1.33208 1.14271 1.1589 1.35584 1.64694 1.50674 1.24319 1.595 1.74697 0.419163 0 0.911485 0.935195 1.07719 1.29244 0.487762 1.05684 0 0 0.40929 0 0 0 0.544288 0.385368 0.466016 0.568609 1.14839 0 0.862193 0 0.38324 0 0.842458 0.763596 0 0 0 0 0 0.293775 1.15348 1.56051 0.338041 0 0 0 0 0.711389 1.53634 1.10971 1.31964 0.858085 1.62948 1.24703 1.09243 0.827078 0.563653 0.688861 0.681175 0 0 0 1.15244 0 0.639979 0 0 0.874216 1.62409 1.54805 0.615749 0.976519 1.12054 0 0 0 0 0.685461 0.539404 0 0 0.600941 0 0.551966 0 0 0.64441 0.53942 0.494375 0 0.387151 0 0.748396 0.204254 0 0.688472 1.17669 0.568609 0.767466 0.784304 0.609732 0.910982 0 0.866799 0.195021 0.561714 0 0.370261 0 1.12585 1.52789 1.17332 1.52451 1.34952 0 0 0 0 0 0 0.715149 0.709815 1.0911 0.608339 0 0
AU25
 0.615575 0.686536 0.751569 0.882146 0.673207 0.626033 0.673149 0.509712 0.572079 0.412036 0.624676 0.348053 0.258521 0.00759502 0 0 0 0 0 0 0 0.280705 0 0 0 0 0 0 0.547813 0.305605 0.0110922 0.143007 0.828114 1.76049 0 0.247742 0 0.156256 0.276196 1.5574 1.08772 1.11131 1.51455 0 0 0.270114 0.224997 0.519852 0.513216 0.499785 0.44319 0.232582 0 0.187051 0.311575 0 0.277891 0 0 0.415868 0.482727 0.567544 0.37465 0.642337 0.283257 0 0.108155 0.0225112 0.0927355 0 0 0.526763 0.525175 0.128422 0.00693427 0.2597 0.368366 0.252041 0.31756 0.301207 0.194001 0 0 1.51084 1.29888 1.40462 0.168959 0.183707 0.389766 0.623542 0.487054 0.0717635 0.0109322 0.136812 0.140567 0 0 0 0 0 0 0.311943 0 0 0 0 0 0.547425 0.509282 0.465464 0.657728 0.757057 0.530437 0 0.53014 0.0502159 0.492092 0.519882 0.802942 0.58984 0.73951 0.56056 0.359032 0 0 0 0 0.284695 0.576719 0.550571
AU26
 2.14202 2.32107 1.87872 1.98772 2.41524 0.314493 2.92043 2.21503 2.36083 2.99333 3.30799 2.76526 2.20172 2.23133 2.02507 0 0.997166 0 0.894342 0 0 0 0 0 0 0 0 0 1.96389 0 0 0 1.477 1.42477 1.47406 0.835878 0 0 0 2.41149 1.03818 0.127045 0 0 0 0 0 0 0.879338 0 1.91527 0 0 0 2.67601 0 0 0 0 0.346945 0.28421 1.33561 0 0 0 0 0 0 0 0 1.32306 1.88022 0.485882 1.17053 1.91413 0.593536 0.781313 1.87571 0.709778 2.18113 1.03928 0 0 0.0208714 0 1.70054 1.06891 1.391 1.12829 1.61148 1.60817 1.86207 0.950981 1.37324 0.768367 1.05122 0 0 0 0 0 1.33399 0.495519 0 0 0 2.64971 0 2.3745 0 1.25409 0 0 0 0 0 0 0 0.208106 0 0 0 0 1.33986 1.38254 2.51984 1.13961 1.05619 2.02858 1.33835
AU28
 0 0 0 0 0 0 0 0 0 0 0 0 0 0 0 0 0 0 0 0 0 0 0 0 0 0 0 0 0 0 0 0 0 0 0 0 0 0 0 0 0 0 0 0 0 0 0 0 0 0 0 0 0 0 0 0 0 0 0 0 0 0 0 0 0 0 0 0 0 0 0 0 0 0 0 0 0 0 0 0 0 0 0 0 0 0 0 0 0 0 0 0 0 0 0 0 0 0 0 0 0 0 0 0 0 0 0 0 0 0 0 0 0 0 0 0 0 0 0 0 0 0 0 0 0 0 0 0 0 0
AU45
 0 0 0.686915 0.693929 0 0 0 0.690721 0.538345 0.510198 0.743895 0.491872 1.0117 1.20529 1.06882 0.734088 0.770813 0 0.977127 0 0 0 0 0 0 0 0 0 1.12717 0.96159 0.653274 0.565438 0 0 1.27897 1.30655 1.01007 0.678107 0 0 0 0 0 0 0 0 0.806468 1.06314 1.0128 1.0586 0.817711 0 0 0.794182 0.919629 0.941607 0.873163 1.03785 0.811877 0 0 0 0 0 0 0 0 0 0.887905 0.796487 0.764829 0.595649 0 0 0 0 0 0.861885 0.629754 0 0 0 0 1.04568 1.11236 0.842831 0.992764 0.977283 0.73732 1.22133 0.838206 0.93449 0.718468 0.703073 0.730249 1.5519 0 0.568308 0 0 0 1.22453 0.958017 0 0.807941 0 0 0.915255 0 0 0 0 0 0.218458 0.0645732 0.0979497 0.52848 0.223853 1.08159 0 1.04944 0 0 0 0.889738 0.625981 0 0 0.509331 0.483589
