timestamp
682770.880 682770.909 682770.937 682770.994 682771.023 682771.052 682771.080 682771.109 682776.223 682776.280 682776.309 682776.337 682776.394 682776.423 682776.537 682776.595 682776.623 682776.680 682776.709 682776.737 682776.880 682776.909 682776.937 682776.995 682777.023 682777.080 682777.194 682777.223 682777.255 682777.309 682777.337 682777.394 682777.509 682777.537 682777.595 682777.623 682777.681 682777.709 682801.823 682801.852 682801.910 682801.966 682801.997 682802.023 682802.166 682802.195 682802.223 682802.251 682802.309 682802.337 682802.452 682802.510 682802.537 682802.595 682802.623 682802.652 682802.795 682802.823 682802.852 682802.910 682802.967 682802.995 682803.110 682803.166 682803.195 682803.223 682803.251 682803.309 
AU01
 2.17344 1.22972 0.776437 0.805155 0.852476 0.989594 1.27025 0.638066 3.33628 3.92157 3.00729 3.11412 3.14815 2.41886 3.05454 3.68757 3.65853 3.20637 3.78563 2.86023 2.14545 2.70346 1.94775 2.27986 2.56523 2.66439 2.89673 0 2.62032 2.0888 1.73344 0 2.76114 0 3.23722 3.32496 2.2959 2.3146 2.04097 2.35901 2.32392 2.57864 2.17972 2.07616 3.12627 2.78135 2.67813 2.41574 2.14998 2.02509 2.85144 1.63735 0.701919 2.75307 2.65866 3.72177 0 1.29324 2.33139 3.36557 3.00804 3.58705 0 0 2.4663 3.21042 3.19544 2.9427
AU02
 1.02702 0 0 0 0 0 0.255714 0 2.44633 2.72366 0.465158 0 0 0 2.32447 2.23496 0.871813 0 0 0 1.54011 1.23259 1.53899 1.76747 1.7576 1.40751 1.73843 1.75703 1.35398 0.845155 1.00995 0.461088 1.86459 1.14822 0.007271 1.01637 1.43105 0.820372 1.26043 1.20182 0.349391 0 0 0 2.34891 1.85362 2.11402 1.31258 1.25386 0.282473 2.16342 0.72683 0 0 0.134797 1.3435 1.88867 0 0 0 0 0.970717 0.822077 0 0 0.0758655 0 0.402414
AU04
 0.748897 1.18386 1.80617 1.39563 0.910694 1.08145 1.16798 1.10406 0 1.26888 0.31375 0 0.476938 0.863135 0.0354625 0.440274 0 0 0 0 0 1.40095 0.812516 1.71056 0.861663 1.27519 0.578268 0.245756 0 0 0 0 1.75125 0.786343 0.916788 0.775582 0.859068 0.70591 1.35311 1.59298 0.66911 0 0.976497 0.789048 0.223979 0 0 0 0 0 0 0.1452 0.0215214 0.27455 0.171432 0 0 0.457461 0.376133 0 0 0 0.352135 1.03573 0.0861813 0 0 0
AU05
 0 0 0 0 0 0 0 0 3.66499 3.3452 0 0 0.0237159 0 3.70389 0.873559 0 0 0 0.202721 3.35253 2.50884 2.36815 3.67926 2.31106 2.97802 2.06586 2.84214 2.31925 1.37678 1.5012 1.34738 3.87514 2.10341 1.85584 1.137 0 3.66076 2.0515 1.79368 2.33488 0 0 0 1.90707 1.93628 2.14604 2.15955 2.47782 1.24679 2.12179 1.68352 2.01615 0.742094 1.2499 2.01831 2.53366 1.44269 0.675991 0 0.802628 1.90676 2.00318 1.38015 1.2561 1.68458 1.49064 0
AU06
 0.506633 0 0 0 0 0 0 0 0 0 0 0 0 0.541645 0 0 0 0 0 0 0 0 0 0 0 0 0 0 0 0 0 0 0 0 0 0 0.788881 0 0 0 0 0 1.18327 1.12512 0 0 0 0 0 0 0 0 0 0 0 0 0 0 0 0 0 0 0 0 0 0 1.13497 1.0284
AU07
 0 0 0 0 0 0 0 0 0 0 0 0 1.60399 1.89484 0 0 0 0 0 0 0.464288 0 0 0 0 0 0 0 0 0 0 0 1.09046 0 2.35196 2.34225 0 0 0 0 0 0.6066 2.55418 1.44699 0 0 0 0 0 0 0 0 0 3.06206 1.44191 3.2507 0 0 0 2.76992 3.01581 2.66047 0 0 0 1.64299 2.31528 1.14897
AU09
 0 0 0 0 0 0 0 0 0.60277 0.260744 0 0 0 0 0.377431 0 0 0 0 0 1.00903 0.412428 0.673063 0.755511 0.927022 0.90557 0.741233 0.995317 0.689197 0.725895 0.815079 0 0.94024 1.0782 0 0 0 0 0 0 0 0 0 0 0 0 0 0 0 0 0.890954 0 0 0 0 0 0 0 0 0 0 0 0.225536 0.618694 0 0 0 0
AU10
 0 0 0 0 0 0 0 0 1.02835 0.442724 0 0 0.586026 0 0.744663 0.652099 0 0 0 0 0.448002 0.373858 0.160249 0.606004 0 0.186619 0.878767 0.695797 0.492441 0.138356 0.254344 0.165039 0.593591 0.841667 1.18337 1.46543 0 0 0.329 0.235968 0 0.468493 0.12657 0.244065 0 0 0 0 0 0 0.283473 0.0638345 0.409263 0 0 0 1.04376 1.52118 0 0 0 1.16675 0.768844 0.98711 0 1.50016 0 1.49
AU12
 0 0.428228 0.49303 0.673074 0.547997 0 0.766141 0 0 0 0 0 0 0 0.729728 0 0 0 0 0 0 0 0 0 0 0 0 0 0.54118 1.13528 0.621979 1.18983 0 0.745131 1.43362 1.14276 0 1.38498 0.827143 0.759746 0 1.87394 0 0 1.25082 1.23873 1.50374 1.7283 1.56386 1.6521 0 1.21301 1.35126 0 1.27628 0 1.47527 1.50129 1.39934 0 0 1.51005 1.45801 1.36636 0 1.53131 1.63475 0
AU14
 0.66358 1.42842 0.974711 0 0.831836 1.20989 0 1.76401 0 1.29162 0.820086 0.344292 0 0 0 1.55449 0.916532 0.442428 0.359386 0.468517 0.940495 1.0043 0.376385 0.749616 0.412145 0 0 0 0 0 0 0 1.17613 0 0 0 0.0333777 0 0 0.494342 0.891855 0 0 0 0 0 0 0 0 0 0 0 0 0 0 0 0 0 0 0 0 0 0 0 0 0 0 0
AU15
 0.1534 0 0 0.0770924 0 0 0 0.0613667 0.868318 0.548379 0.312457 0.364551 0.505858 0.545362 0.587469 0.32974 0.374984 0.652618 0.344688 0.521989 0.762815 0.63849 0.642695 0.821421 0.750176 1.08337 0.952221 0.667593 0.877566 0.262548 0.277088 0.303499 0.956156 0.466677 0.200814 0.320543 0.548017 0.14792 0.478341 0.154655 0.122683 0 0.439107 0.547148 0.156233 0.395372 0.454135 0.097932 0.29639 0 0.364667 0.0384161 0 0 0 0 0.172695 0 0 0 0 0.33738 0.420679 0 0 0 0.399844 0
AU17
 1.72886 0.419584 0.310203 0.811579 0.561094 0.960933 0.643897 0.833613 0 0 0 0.22444 1.06841 0.77769 0 0 0 0 0 0 0 0 0 0 0 0 0 0.977331 1.17133 0.802629 0 0 0 0.902029 0 1.10081 1.14578 1.37077 0 0 0.451832 0.940436 0.35555 0 0 0 0 0 0 0 0 0 0 0 0 2.10093 0 0 0 0 0 0 0 0 0 0 0 0
AU20
 0 0.248361 0 0 0 0 0 0 3.03291 3.45046 2.84676 1.9779 1.33163 0 2.38606 3.29405 3.2507 2.95246 2.44018 2.47524 2.04278 2.15746 2.48972 2.32219 2.54643 2.17462 2.38248 2.68997 2.42599 1.32263 1.63817 1.28184 3.21113 2.65222 0 1.6962 0.888222 0 1.32015 1.10822 0.114656 0 0 0 1.23021 1.10538 1.46927 1.47169 1.37239 0.995382 1.92622 1.25219 1.487 0.961216 0 0 2.0253 1.40163 0 0 0 0.475456 1.91288 1.94105 0 0.690132 0 0.701885
AU23
 0 0 0 0 0 0 0 0 0.367839 0.650243 0.998055 1.21879 0.518911 0.253331 0.349982 0.329881 0.803892 1.01217 0.805416 0.700473 0.245013 0.427065 0.429297 0 0.452026 0.435725 0.301656 0.175938 0.476847 0.375002 0 0 0.366802 0 0 1.42434 0.923041 0 0 0.877549 2.52198 1.66736 0 0.475673 0 0 0 0 0 0 0 0 0 0.366394 0.990351 0.919727 0 0 0.322656 0.620789 0 0.473327 0.713058 0.458242 0.405786 0.418115 0 0.33057
AU25
 0 0 0 0 0 0 0 0 0.233496 0.139509 0.0896058 0 0.801746 0 0.0969168 0.552927 0.554773 0.11937 0.0834245 0.0564253 0.537392 0.41022 0.201729 0.111562 0.241025 0.08302 0.0688919 0.316467 0.0221991 0.0650073 0 0 0.263385 0 0 0 0 0 0.47965 0.913781 0.40632 0 0 0 0.900159 0.689576 0.641984 0.847237 0.439446 0.511039 0.453303 0.371263 0.349409 0 0 0 0.603245 0 0 0 0 0 0.269707 0.0647397 0 0 0 0
AU26
 0 0 2.13805 1.9125 2.60409 2.24056 2.35224 2.67552 0 0 0 0 0 0 0 0 0 0 0 0 0 0 0 0 0 0 0 0 0 0 0 0 0 0 0 0 0 0 0 0 0 0 0 0 0 0 0 0 0 0 0 0 0 0 0 0 0 0 0 0 0 0 0 0 0 0 0 0
AU28
 0 0 0 0 0 0 0 0 0 0 0 0 0 0 0 0 0 0 0 0 0 0 0 0 0 0 0 0 0 0 0 0 0 0 0 0 0 0 0 0 0 0 0 0 0 0 0 0 0 0 0 0 0 0 0 0 0 0 0 0 0 0 0 0 0 0 0 0
AU45
 0 0 0 0 0 0 0 0 0 0 0 0 0 0 0 0 0 0 0 0 0 0 0 0 0 0 0 0 0 0 0 0 0 0 0 0 0 0 0 0 0 0 0 0 0 0 0 0 0 0 0 0 0 0 0 0 0 0 0 0 0 0 0 0 0 0 0 0
